10071
26944
23512
32243
18031
18235
20697
12448
8882
4398
23042
22085
29938
29966
2448
14864
17111
13603
21483
14254
22518
15757
29684
25059
25170
8509
6431
16767
32720
32158
18545
31808
10455
27881
10790
2965
32672
9973
27816
30939
7730
21696
3149
9390
32299
17797
19113
23094
17640
339
22185
13282
26200
3211
15320
1132
3252
10272
5516
26741
13679
19281
7100
10468
9559
26242
27693
25368
29922
10663
29073
31743
13416
12860
17906
29790
11348
19130
4392
18469
9866
16200
12600
28090
24672
12203
19407
15291
30448
2479
16596
21294
21213
9907
14543
23738
32421
15624
482
32764
21885
5315
27692
5695
25285
15284
11074
12244
30507
1845
2831
1890
31193
16475
8560
22001
22671
5589
7391
14674
32167
25922
22564
29746
27590
7292
14868
30056
30480
25321
14984
3984
25770
19400
3775
11271
32057
17330
2569
19647
3114
15546
17387
17162
22608
12672
13648
12675
17572
3812
34
17874
30748
386
8806
7554
19644
31048
4198
29163
31123
14018
4155
27415
928
26679
21507
8178
3984
8784
15400
26806
25355
4995
21890
22678
14846
6026
3489
12049
13858
28500
9093
2835
30568
18010
6087
19927
32348
14291
19976
7206
16511
24956
961
20702
2782
15993
15549
8862
15545
26966
3501
18629
26929
17918
27347
11877
11899
32377
7661
4144
24060
18117
14361
423
6528
28945
21526
22230
27035
4844
21724
15181
16209
5786
10751
19636
20527
6401
1167
3487
15340
1637
1530
28648
15454
10223
23569
32529
23569
23795
18331
26590
14366
29151
20253
15064
32193
3369
26888
2105
18685
1230
11758
29516
31637
29139
28890
11271
27294
8343
14840
30392
29399
15830
17767
2251
8446
11547
32028
12555
2372
19805
8260
25773
14684
3621
2694
29447
17581
3335
13848
11442
12839
24647
16309
24776
30159
16423
29093
7559
6694
23364
6189
20142
21354
23003
31798
29488
27608
4552
15719
3157
8269
20198
21526
892
17406
4147
31520
30587
17614
3038
4673
7078
1877
5457
9063
22403
23679
5014
19107
15417
30015
18116
31477
24431
3430
10750
22539
24596
14499
22606
16150
17276
17081
32612
26761
13426
20388
8032
4341
6070
14770
1845
12781
4193
22904
20971
24467
9608
21577
12946
17730
16489
10661
8850
8406
8921
31126
23319
26791
8309
13721
3903
5991
3456
18191
16519
19102
16783
10219
20003
17492
31585
21771
8334
26690
9330
24893
4574
1451
10535
14434
29963
13192
22750
24660
30063
20799
5667
16789
29063
7150
31304
21605
7673
17930
30731
28695
29529
16798
8297
1949
9878
29994
19311
14979
14116
5147
28839
20617
10014
12843
11639
28643
7109
23788
4363
30434
2487
21729
4410
18097
28909
16778
2206
24637
31301
31943
14630
22043
7949
11263
3274
18038
28715
32568
6251
20617
28270
27093
15989
23504
13554
10098
5318
10365
8937
18332
19464
6718
9742
7876
31610
12232
28914
14401
21250
24140
13483
29306
25713
22335
4312
8253
12048
27773
29457
26886
17942
1769
20247
11289
12758
2565
8066
24785
26381
5592
4169
28759
25779
30761
15627
4909
7405
18970
9412
7655
21519
4953
25031
13552
3292
23925
3240
24462
17966
20442
3485
17972
31052
17343
30624
589
32135
7286
31844
20536
19868
25690
16721
23066
22699
11763
21331
29424
28393
17558
12199
4319
9454
21372
13206
31601
6499
11838
26913
4695
13213
29751
10391
12786
8289
13347
20562
10488
3868
25305
8704
17181
12659
25853
8633
11039
15769
6909
17066
32449
29363
9661
5759
27040
25557
16621
22948
9315
5760
157
32301
31209
21809
6582
9865
6956
11689
22369
25368
4515
28471
296
15315
2039
31594
18590
14180
22567
10609
1622
1748
13931
7045
23572
1311
9299
19036
29114
18784
18527
15611
23078
14620
8524
7474
10061
13806
31008
32337
20087
748
14288
9327
13761
28167
18410
16545
14404
18152
25780
8729
5286
30408
8891
15131
18923
4017
14456
15679
5371
26165
8547
12628
26469
2607
665
15987
31656
25656
10807
12839
4042
24402
17187
3918
21572
8919
27975
28280
19404
14873
5024
18244
23051
27423
17278
14608
11229
21336
29606
2325
23191
31442
24248
32155
20156
32667
22622
29621
24317
22026
13876
22689
20130
17225
2887
27673
3551
18669
12868
16671
15012
17368
14862
17202
21226
6879
3431
32051
24019
28919
32254
25349
26870
30137
20130
3090
31856
17566
16018
5988
28522
839
8240
26749
12645
1425
13937
28655
29624
9352
18782
10289
9921
11995
8786
2479
3913
13227
11617
1900
17030
10530
15213
29652
4830
9701
24118
5483
12649
18906
463
25166
4219
13220
26341
29107
12088
5876
22540
9692
8786
31496
4083
5161
7554
31298
25492
30884
17326
26064
8095
22121
26537
23132
28934
31152
1273
9983
17869
32369
28897
7639
18852
10490
27141
7423
1947
13470
32360
8831
32221
4848
16340
17667
14447
26470
31315
30274
12104
28800
2566
10662
27231
8895
31166
18373
4888
24288
14188
6993
23218
31985
5364
19318
23164
15875
32765
30052
18117
26979
8213
31288
11031
28410
9744
7588
13851
4038
19213
29048
21063
2349
15204
28618
2493
31636
8630
5054
8544
7564
14743
8182
2115
5168
6508
20179
27169
15095
8419
24953
12387
18231
17874
31132
28163
12980
12815
17498
897
15750
32327
21805
15821
21505
18335
10169
12162
29518
17823
16914
28966
17016
6492
16279
6467
25820
29536
25189
4119
1156
19019
6180
10823
11222
25516
12098
28346
20256
16238
2747
20054
5604
29285
26789
25707
10263
19243
22788
19707
32207
20090
5810
23823
17836
21968
6261
12452
14955
3760
23828
14961
12677
24796
18801
32481
27986
7432
18342
20411
27935
7242
30453
20969
18047
27119
7527
13476
3251
21921
26142
30008
29194
16748
12556
8468
792
22283
14554
1563
8211
29481
25909
12184
16182
9905
11074
1
22163
9524
27625
6653
29316
6709
24448
26356
12318
13762
11710
17979
1488
26556
32586
9614
2257
2693
14117
1191
10461
32167
26161
31463
10204
30435
8922
20997
15413
6201
21963
21267
14659
23163
22336
7803
14322
10327
19865
30503
25914
25430
25384
10821
26518
3796
12881
31544
31024
18076
17905
9152
12491
14735
9903
14401
28942
4263
2804
27956
22295
3313
12096
4370
25865
4374
21862
12395
22959
28449
2129
27097
23281
1253
2961
8668
31465
7910
28712
9986
26142
14785
18250
10040
23707
28530
29986
32249
24481
9998
17916
19491
12952
7396
29066
29601
16265
13867
19717
16900
29956
14583
2418
23274
15108
8681
13875
5774
7635
2652
25859
5650
28064
20769
19139
4343
14665
18803
16261
13804
2599
18385
668
23450
32219
24255
5686
376
3092
29557
32583
25000
3132
31353
5208
15007
26592
1146
18894
17831
2237
1029
92
2750
3590
2207
1404
13730
6585
6445
6444
10498
296
6353
14647
28150
13885
24779
20765
14100
21297
24061
15280
19334
22985
31988
31218
30472
11818
2825
28687
21194
11221
1900
18414
15639
5682
11959
28299
28325
17244
146
29860
23995
17889
21603
26581
4092
15116
18423
5705
2533
18988
4726
18165
2831
24055
6781
4575
28133
17578
11936
3275
4875
10678
15025
13048
18203
10355
15762
9657
8226
316
14068
12565
18168
19810
14496
5297
25137
2008
30312
28585
15484
31981
20783
20074
31675
3913
10467
14567
25798
12655
3045
23135
12514
17998
14259
26221
8315
22623
9806
26604
29841
19084
19250
2254
29539
6016
1304
724
4616
30419
25154
19309
7489
20971
10177
26999
11873
11647
21665
13444
19681
18516
22727
13411
17255
9311
32498
21296
20593
27267
10287
5226
5416
26489
7548
6067
22010
22316
5500
23356
6270
29053
27092
22606
10078
13382
11130
16312
18385
803
18707
27399
8163
24500
3831
7903
30503
28252
7455
3937
18031
15843
11947
30294
23200
26875
31451
19479
22279
29949
14598
2990
28422
17893
12825
14633
26579
29845
25408
17899
28346
9448
18849
8673
5319
687
9556
16922
27670
27876
22241
966
24041
7126
3027
22507
12855
25935
24155
2040
32568
2050
9865
27657
12932
15584
5019
17900
7130
24121
23364
6754
9110
9253
24609
20011
9102
15577
2712
22781
19874
4094
9344
15488
22929
32324
7205
15172
16824
24469
29800
15110
32614
5332
27063
17446
3043
6600
24167
26360
13442
15411
5379
22084
5987
2730
5320
18926
8144
30704
30979
16124
5654
20860
8327
8126
5605
7460
15378
19422
6996
28993
622
25343
21267
1436
2599
4535
31598
23495
2850
11240
27149
1762
7181
9519
25058
20488
17957
20305
22001
15977
914
29941
13514
20559
11864
3580
15218
11577
27386
29196
5345
8116
29928
19705
8321
4854
6470
197
18270
8011
8189
9353
19255
31956
4963
24637
22952
5423
20718
13230
18298
19243
8504
8862
30816
17235
32746
1894
3627
31544
22188
28713
6088
1076
10254
16381
12427
24501
8906
17947
14384
21576
16507
26864
12494
19759
29265
27722
10739
632
15461
17890
19265
2973
24765
3269
30762
13004
16258
16433
28706
17057
25356
24785
10996
10370
16956
11619
1858
17570
5467
7494
29119
31837
24894
25027
24247
32061
6211
28749
9531
5616
289
16253
30282
26326
17296
20471
11675
11618
26022
11926
20635
29088
16425
19515
32537
25612
15649
29320
31394
20017
2805
10409
12767
2632
10216
3791
16241
25019
17669
16038
17229
19767
21751
12613
15721
10852
23964
13537
3549
20866
15227
5995
474
19951
3113
19778
8205
2541
24728
11643
24683
22128
9156
16153
29980
14737
31170
28645
21638
23321
6243
23421
13790
18628
1691
9450
24807
8772
4696
29587
11767
28109
8723
16381
11855
8577
15149
13180
32087
10002
18308
27558
6157
885
8232
28431
11717
26461
12205
11578
18350
7782
17676
6172
31071
17480
22077
13480
32166
15267
14003
25692
4999
20458
5470
30458
25936
1561
14815
13957
13500
6283
5971
10265
19880
31558
7468
28516
20024
31883
9838
2625
2923
4744
10728
23428
19827
11513
18506
24567
24069
14384
14579
12208
21882
18904
16128
2227
20541
9980
7508
1367
3268
23684
83
6566
22293
32547
26892
10034
7997
8162
13557
210
25110
12150
15517
3163
29665
10498
10127
8010
12196
16705
29134
31458
146
27304
4414
14541
12764
7107
30571
29950
27855
30758
2445
7213
5941
27076
2034
7035
1905
20400
18649
2579
1582
9339
7424
31394
7474
23496
16838
21186
17356
7646
16262
12247
7593
5266
24938
15873
16063
7471
17983
26272
2749
23482
1074
7831
10557
9763
14538
26107
11256
24087
16094
16104
30148
30972
18735
22932
27621
785
25158
30029
5063
2353
10254
16497
23457
1632
18951
12658
2624
11420
24388
9669
2189
8473
25807
16624
9692
13233
17652
3901
16576
22198
5427
28169
3532
1886
18763
18159
18254
27665
8637
1178
27813
23994
1003
29352
18902
23166
14561
16513
1564
19592
2547
17525
24873
28651
21141
20209
11347
19919
30551
9255
12167
17337
15004
1787
3216
706
11482
3856
6666
13826
27640
12758
7842
1692
23495
7728
18691
26217
3204
7995
15785
9592
4218
19867
26933
6602
31948
20071
17229
1149
6685
28664
20630
27080
15872
24084
23801
3389
25834
16833
16434
22965
32031
25578
3301
21645
22949
27110
31910
13145
25413
26579
27589
2371
22226
20060
30514
4305
10694
14434
19266
13467
10070
956
19220
31486
31778
23030
32400
3945
27708
29909
28038
2953
17744
11444
4355
17524
24857
12227
24676
14017
2
8274
16998
31588
30400
4192
7668
26526
22574
17104
21965
20604
25692
23535
9432
10557
32058
9158
1189
19243
31765
1640
1564
27873
18268
17553
32113
17139
28404
2046
11541
9661
30067
32134
14414
8085
20882
26917
13017
27054
15890
28813
31477
8731
23077
4338
15158
7193
25661
12564
14137
26102
22118
462
18820
21084
6266
10668
17322
31476
21255
24738
27025
8886
5939
27730
6348
7117
28051
16515
20996
27552
32522
17122
11879
21558
28751
28057
4628
30325
3340
3848
28039
20596
24761
2081
24328
14954
24392
25347
7680
4618
5195
20970
9043
25426
6160
14478
26667
2614
9098
3524
10485
8369
16538
20014
28066
31727
9407
30060
25286
28184
15888
26050
9700
4475
7250
25140
17723
13246
10769
23019
18506
3362
265
4281
25574
31413
5792
18312
4260
23830
24506
25800
14547
17906
15945
22856
11897
7054
15807
18823
16092
26436
9408
8260
30506
610
155
9843
30732
24560
3285
31644
31543
26547
19241
8329
8482
18995
1646
5745
27846
16515
1446
3916
23275
3043
12240
5368
1195
20502
11525
5879
11332
19223
30020
11308
5156
13266
21843
9125
21539
13943
19427
18228
14427
4958
13371
13526
5161
180
12878
21685
12622
27401
5950
5708
10817
32529
22417
20923
2159
5348
27987
7065
19217
29201
7368
6974
22256
25976
26947
5069
14501
24684
13698
16136
27055
8072
22669
5566
28147
21022
26179
27185
19544
27906
6848
20402
13537
21923
8244
9641
14503
5480
14323
32515
6975
13921
1933
20951
8026
1947
22312
28238
26425
28997
6346
14526
552
25395
30146
28981
27151
25104
111
27672
31197
12541
20685
19835
18084
1336
10775
8283
3434
28873
24816
24104
6258
6130
19453
27188
17034
15132
25013
1917
30170
2492
19850
12802
621
24322
7217
32745
1752
18813
23938
2938
28763
2751
21250
18394
28090
26665
22580
27435
20884
5600
6299
17707
6300
30848
22316
18843
41
2612
15984
10500
3461
8472
12781
21772
9248
7641
27505
5774
15606
17869
21106
27618
23635
20315
2997
24770
14661
28624
30948
400
26587
22248
7018
27411
10077
20031
6460
28959
16171
26527
10157
22815
7462
27378
32304
13253
20129
9873
2122
31277
4588
27481
13109
6509
3047
1039
12706
23685
16426
3544
3789
12786
21449
6128
24172
18919
7246
10722
29992
23402
24727
30449
25086
3917
4794
15800
31844
26430
86
11119
32358
91
22690
30514
24101
22902
32037
20356
19096
17984
13224
22008
2437
2391
30459
5996
6076
26347
28861
9119
20109
26404
4888
30825
11675
4239
28431
15951
26990
19303
22970
3645
5159
15249
25164
4544
17111
627
28131
6918
12948
29093
14381
23245
6960
17066
32476
16527
17014
13148
11233
17872
24804
1968
32137
23603
25464
6401
4100
15715
2616
9920
17360
26605
15175
26372
9939
104
19543
2255
1906
16722
17513
8900
413
28641
25350
16586
3813
1130
11247
14943
8189
5057
28830
31872
22757
31250
7947
10859
7290
32661
18729
31797
4798
13168
373
5377
26727
12694
32128
10374
16834
13251
9424
2841
13858
21259
15802
15756
21790
29442
24157
31938
26186
3409
31524
15782
26846
23204
10082
21362
32031
5423
23323
31730
1552
1262
32531
26233
17469
20462
22335
15125
32659
14738
12012
17011
369
158
3795
25270
20853
14406
10101
16676
14517
20339
15629
2493
4021
19563
17237
6667
7699
8162
14286
1237
3616
7064
8312
26407
7360
25655
17831
13947
18421
27291
24641
14218
13679
14210
20687
32686
23538
42
10485
7339
1840
21753
11750
32514
3465
28004
17358
28960
32271
8275
14363
128
27259
27513
16813
1103
18047
21165
23455
12622
18212
20300
15515
6018
10241
3127
26615
15614
8186
1169
27185
21563
26653
8423
18346
27312
21131
5672
17389
13498
22572
26566
21944
2558
31070
13175
17373
4273
5679
18917
1997
805
11546
11658
6009
9923
17645
13736
19183
1749
28920
32033
25594
16300
29292
6231
2132
32210
15406
21877
26417
18032
27289
32481
26140
21780
23306
17548
23255
26668
26568
15078
32638
26959
24551
5015
7104
13965
10565
3839
20115
1845
6513
22925
16803
21007
27109
30164
21533
12891
19442
16952
26627
4252
29236
1563
20435
10769
2345
28675
26522
10214
19737
29499
14832
25552
15271
24980
10102
25322
31229
19905
18076
14967
3797
24697
400
11426
7413
1438
15817
18751
20126
22002
19489
31018
27218
31758
18506
16209
22650
18050
18250
16088
6013
3653
22493
32370
4931
5122
1975
2521
4348
19239
15556
13931
15181
32300
18314
1571
19510
25130
17432
1819
30171
9823
23606
20115
577
4986
20339
18724
7480
1893
6737
27104
30688
15543
29498
18136
18537
4467
17081
1935
21990
8317
27268
3716
668
13529
1236
3309
17198
21664
22339
11494
24731
1917
32109
20095
11778
25558
10747
16369
4188
629
12994
22563
1572
21471
13856
7602
14981
29655
8418
25106
124
13905
7536
5815
24848
28475
11438
4130
10453
24399
15887
16112
9626
26105
31881
22561
25687
4388
28145
14772
20514
968
16983
14204
16296
27622
15878
5445
13242
25669
4343
20896
29640
11803
28991
12970
22102
20564
9303
31535
20439
3585
11270
15141
31000
7331
32078
22766
17412
2952
20103
29091
23981
11669
27248
1558
4765
18129
7452
19967
27557
2072
32061
30247
12836
12939
31700
23564
29725
6722
9765
31416
6184
6862
5636
1675
1171
21125
13341
10714
17592
22682
24794
27673
5497
5866
13485
19361
11807
27015
10229
23311
8483
25184
28525
7687
20912
26759
17761
15002
16244
13427
8529
29611
13455
32457
15145
28223
22462
25429
1515
24975
6534
29401
2749
22376
9648
28744
22432
19687
30241
404
25947
21601
9656
15078
29324
10401
14642
9573
32408
15424
22612
17413
19803
10060
12452
24559
1225
27972
19843
21664
22486
4569
2623
26390
26825
9162
15216
15646
1890
24006
29419
25918
31045
20651
17632
25041
32188
31221
23812
13407
5710
14352
10333
13428
18663
9422
17507
13150
10190
26844
3563
16884
32294
20297
30475
834
14025
15032
14746
22419
9144
29338
20140
7597
15900
13698
24686
2701
27408
20864
22187
19154
9906
336
9842
24135
12392
9774
24356
22800
18896
720
19198
18381
4865
17601
12398
30553
12559
21433
10991
3484
9290
12599
3397
27149
17291
22146
7369
7379
25292
644
3132
13889
7745
13041
227
27441
10283
16097
13794
13950
14893
27392
830
29677
19130
5825
32688
23713
15921
14463
30419
3913
206
5019
6467
12249
32508
30874
32687
13395
12872
25592
19096
29844
32183
24932
30445
5663
21985
14681
19041
23261
8467
27081
7288
18052
9207
20342
30696
20919
23324
30060
16808
27474
17858
14619
1157
20268
19814
21102
22317
29830
17564
21045
25397
10579
27458
27500
22063
19567
29881
25962
17745
30816
10950
9096
8792
19748
25712
27583
6764
17247
29303
26031
20034
398
6153
28337
12763
7417
11378
15299
1096
18838
28437
13587
30902
10727
11829
31997
24525
13709
2695
20952
29046
15532
26545
4260
17861
25534
4378
11461
5595
17839
16311
22208
26845
12903
9294
19970
7367
16407
2173
27048
16312
27245
27180
6905
22093
6486
283
28023
1893
694
19434
24146
10242
2661
12751
25027
26674
17631
13380
28897
14251
24669
5759
27087
30363
9724
258
3859
17513
7070
32656
28459
6037
15557
5088
1960
21760
14704
32299
21547
30998
2446
17451
28583
7304
23223
724
10883
9030
11175
4974
25425
8979
13405
1709
18728
3843
27110
11840
22367
17597
14170
25376
11566
17182
14777
14845
26024
12538
32020
12505
249
4959
26294
21763
28626
31199
9970
1489
8830
18420
5265
4993
31836
19190
27586
4814
23218
17984
25984
32048
17520
30120
15059
15061
29346
5513
30319
22409
1860
9438
27569
17554
31259
15855
14109
25936
3277
3914
18284
20956
6007
15825
15948
9168
32108
2380
27921
6888
4207
14
15830
13176
32414
27065
14379
16391
28341
15715
32550
32026
29160
3492
17117
29346
17014
6353
19944
14693
4772
16537
2055
26176
8918
19466
1270
24369
31262
10833
878
12655
28522
31827
5471
10966
15602
7288
3953
20427
25700
12374
17731
817
2780
15847
29858
4208
20524
23461
7068
10634
20041
14442
16710
27159
30075
3988
5597
28119
7611
312
30314
9135
23968
23589
6794
4026
29609
961
285
11641
12551
4756
16244
13465
6503
12422
19252
18437
20073
3474
18647
5982
24426
32729
15675
31388
11185
10835
16183
24636
13933
23848
1593
32630
23416
7553
242
7713
6524
3038
26471
10680
19352
4549
7823
2811
5508
17340
20524
1505
18264
26397
17616
29977
12208
17803
22455
20112
15841
29441
11725
24514
31708
3971
21519
23052
15501
9414
9358
21595
26148
7396
15538
5968
24136
10099
14252
18295
23069
17450
31386
15729
31023
32464
10127
5511
8829
4392
2447
392
30742
4382
30676
16152
16210
29926
9384
29944
10712
15112
14532
19551
24083
22991
27487
13239
20882
28630
20733
5357
6072
12747
17117
3629
16346
1702
1596
13826
575
30520
4357
16474
9093
16359
9557
15556
27294
10388
21435
16081
472
19189
6209
1406
6662
6983
8415
17402
31355
644
7980
20550
2692
31230
23318
18174
19793
22409
30956
6267
7109
25407
10195
25387
3785
23255
19822
18194
9214
24648
12457
31440
17725
14171
12637
18974
1693
24935
4309
17107
22583
18805
28575
25831
13396
5197
18345
17825
9660
19373
32263
3995
7948
15246
28465
9023
8285
23367
2485
13611
593
600
19942
28678
6534
21577
1359
17735
9400
17788
18380
24977
19220
3973
15544
2378
10234
23578
13028
15557
13521
9367
27133
23087
28290
29476
27584
13081
20447
13327
2664
1145
15040
29486
9473
30946
3541
21452
24559
2718
9798
10990
21505
3885
30995
11414
14119
7968
10208
22428
2739
7335
13647
31678
7470
13019
5881
28285
21812
3312
9286
26993
4720
9240
13884
32453
7040
8082
24065
30511
23124
17285
7395
4193
22232
24530
18266
31306
11246
20314
679
24547
23613
22644
22529
7609
6753
16241
30788
8597
19593
13082
32507
7119
18299
22270
9402
13612
2978
27503
27035
1329
32038
29107
9733
7929
6625
725
8506
24314
26447
27843
17751
31949
29899
7087
1903
28761
9738
18724
29910
27228
30973
26516
13921
12562
9245
21064
22723
15168
16342
26164
26431
21487
5787
7055
22186
20291
12274
27843
23633
30032
17876
23062
22899
5223
18208
24282
11425
17890
7937
6989
22168
5338
3421
17198
10629
2634
634
20595
30018
1511
11829
22957
16469
15660
16895
16635
11806
15367
21964
31137
31287
13414
9082
6980
3109
25238
4500
6783
17229
4180
15449
8896
21508
8693
26903
32334
17406
17533
6002
29482
14762
10120
27019
10313
25438
191
2556
22778
28295
31958
10398
7893
19679
20989
19141
13691
19768
26422
12483
10458
11280
27851
31915
22874
5651
7053
9562
13450
20545
30613
29940
732
28705
1136
13326
10448
10946
4554
7453
14880
1466
15667
20498
10089
6228
12576
26767
28370
19572
11174
4622
16586
4671
14728
17692
10239
25110
900
22082
31907
17664
15891
14088
27611
17945
18740
6735
21762
18526
6117
26611
4772
29270
14151
29487
17921
8994
8610
25589
28000
14519
14944
3347
10442
15858
25524
22271
25221
28905
2991
11437
23482
14026
15903
4566
11840
2898
25305
7758
13675
25977
21957
7922
31916
14626
1071
8765
27401
29759
13673
15875
14662
30374
13841
19688
9651
24010
8914
1246
18538
12541
26714
18290
18777
21989
7676
28089
18366
27051
26456
8085
11864
17234
9309
1077
22309
17287
12487
29334
210
18644
29836
14346
22349
12419
17696
22123
6435
12880
2047
5372
155
21419
18577
6088
6656
6407
18673
24450
5333
25467
19415
21601
4486
24251
6482
12861
9181
20346
23961
2382
2021
6913
29904
26055
1674
31479
14064
5353
8982
9707
13037
13411
23181
13809
5430
19300
17678
17692
4324
31473
9644
16095
27267
32423
32289
14907
9449
20044
15126
2449
3777
22860
29851
27741
32333
5120
11606
8092
25740
7022
23448
29106
4917
17189
5276
13682
8144
12631
22835
27124
13060
20929
26818
28527
2236
1132
18094
27632
12685
332
4416
6950
23838
181
23927
16282
21619
17537
23747
26014
7962
4669
27133
29194
28252
24607
23772
31861
22410
3434
24764
32734
28494
9119
7895
10563
26471
8468
378
15175
26652
22108
5962
17327
10099
8785
30585
27359
511
8411
9359
18916
13225
6627
31170
28802
31853
18320
22813
17317
17368
29520
252
29153
10767
8839
8148
28309
31758
17054
17062
9845
16471
18519
962
18556
16516
13107
14739
9817
18721
17849
16017
25817
7820
22781
17695
15468
14142
17205
23723
18554
1476
17025
32397
14917
32029
507
8392
3331
22079
24387
20696
14287
8422
21683
5151
239
30244
19785
12315
27306
4871
14435
6762
15683
8718
3577
29458
24088
23594
29086
7149
31231
8935
26577
17994
5750
5216
13507
1164
7322
11220
32600
2992
28395
8618
26288
7651
2127
25432
11524
8057
4676
27456
9248
17159
29370
5335
120
12372
8639
19579
29837
5181
12437
14460
24143
21907
23310
22816
22399
25900
14652
17501
20839
29611
7820
3404
18138
5658
28053
8521
23523
31895
18294
13035
18875
4484
3004
32713
8232
10277
1312
1812
30501
32408
16846
10997
23461
19480
6642
25792
3609
29397
19366
25780
22052
26341
13031
30031
17303
23139
4107
31568
6505
25911
16965
23505
14318
24759
9981
30312
24259
6262
32078
25504
5210
32596
19871
18826
20443
11529
20949
1095
1564
4896
32277
29079
29276
1616
27293
10144
11766
4849
1567
31946
10464
10221
27262
7675
13309
26687
6172
27804
21369
19939
28245
23535
30945
30596
32259
10729
28286
187
4921
13322
3160
18020
11227
12458
28415
31972
32474
22827
26470
19318
4976
28185
22606
32115
6684
19810
32678
28141
8188
25709
13559
4484
10992
6710
28825
1515
11640
31641
14986
17921
14453
21470
29355
32637
26433
20458
26082
4892
8225
12044
15758
9969
15079
19764
15959
19370
23180
6300
10124
6350
5523
29600
25083
29982
21583
20777
19839
17507
1692
1776
12404
32684
23152
9358
10679
74
16608
4176
24367
26358
24677
17643
11209
1018
7827
16656
30082
12673
11075
22389
24933
16693
17822
6007
28306
10473
20061
9238
27832
28138
10822
18114
29734
29163
4569
20684
11981
31753
12334
18006
6258
14671
28035
27273
8508
28174
3709
14580
1393
24905
29095
23624
19862
2613
14995
4707
29430
14955
13403
17573
10264
25929
23700
28099
20880
3092
6920
12502
30128
7756
24440
589
20773
1390
29863
13770
15057
22578
23320
15334
13763
11622
23823
24581
20984
13506
23949
7823
15540
9827
10105
1488
21618
26223
21194
11885
13365
21539
6336
1464
7745
7057
25007
22582
21823
24975
32736
23632
25413
31022
12413
11217
27156
30960
25903
23809
16719
10260
18597
19270
3654
8944
11259
30351
20482
28519
14633
8360
6691
31497
22729
13185
17237
31815
7053
6310
1934
30026
16426
8298
24106
4508
14321
7155
23223
24981
2259
13504
12491
16466
7338
4400
10338
4049
26981
9362
18747
14682
24126
21221
10155
25561
31642
31078
7961
29321
26704
29562
25019
2989
25676
31453
15734
21650
1665
23056
25763
11846
12539
26739
13706
7921
8714
2914
30319
2858
26719
22780
32607
26410
4557
25094
31018
10785
24208
12662
18725
32026
18311
23962
24443
13289
3185
21827
10481
26894
7488
3063
1283
24392
7744
902
16566
7509
18411
17575
13138
16975
23125
9205
1164
21099
8359
10822
16232
25691
26686
29064
20879
32277
901
11882
8216
20987
31662
30736
5392
7103
25041
14578
29955
27128
11176
14008
22929
26569
26048
18671
26733
6928
3465
28904
16702
17924
10821
6241
27283
30310
6700
29733
2200
14904
23474
15538
27219
19162
10156
24766
5414
13459
28627
5239
31420
30588
6363
22503
1700
26718
3426
4891
28427
26809
25389
10498
27534
19332
5171
6541
21927
20895
21423
17160
32373
6890
30942
21596
21488
7037
21780
1661
13472
1484
5132
12243
19680
22344
24106
2705
17256
8007
8474
30362
12505
16987
28507
19861
30389
19424
7407
23617
25761
18752
3093
9502
30602
5937
12922
15670
8045
27331
1917
22116
2871
6361
28942
13244
7611
2687
22324
3342
14795
7550
12755
18606
21660
9869
16127
20974
24702
582
19845
9538
2971
28007
8012
3882
7622
18889
5594
20199
2767
24872
15064
21018
31112
17427
11823
32637
2062
24036
21798
2071
29967
27181
20511
19091
7644
30564
28213
31810
7412
20440
32695
29777
29337
13308
18580
26103
27092
31893
12420
26894
5060
18760
16567
12591
7827
31979
22198
173
18532
23211
3901
15905
21360
16400
3399
27789
25166
1575
17065
23851
18412
3869
26958
27294
20419
2099
21074
9338
5973
30607
32440
5060
15064
520
17121
21074
22797
23756
20765
6703
17494
20870
21423
3863
26036
29818
4279
18914
20010
4767
17240
27328
2328
20845
7286
30018
2818
4139
23711
3412
17309
4233
695
2744
20075
3856
7712
6292
3410
25915
22883
29494
27384
1864
23493
1793
23642
17580
10866
14238
9318
1374
25727
4636
18034
10565
26146
32278
16983
25964
24021
11126
10502
12572
7824
6261
4332
18406
6632
3982
27473
8419
15480
14105
20815
7767
10705
24791
1424
25010
4627
5137
28344
3409
27802
24634
2900
8403
29177
21818
8192
7151
31669
22295
12537
3994
8635
25669
32695
14659
26112
16259
2174
2853
18379
19524
19927
27600
24592
61
26512
1
25638
11706
11122
24394
19436
14887
30623
22395
27868
27571
27984
12967
8436
720
2729
20435
27267
4255
25621
23583
3423
10334
6826
31144
21956
28616
19159
10459
29242
18972
9892
22364
29833
16529
2049
4203
758
9553
4564
755
1223
18730
9895
31265
3933
22610
11658
19776
16498
23877
18245
13115
30408
16700
18195
5914
15952
26663
22001
2927
18612
13030
21755
7525
23136
22190
7353
5447
15887
18064
17794
784
16491
25077
7787
10258
5888
14288
20146
12593
27745
9359
15769
17439
31529
29716
2497
6335
4943
29119
1027
6931
5178
14535
10904
19102
2068
24269
15364
27653
11058
19472
3836
8777
3820
20490
20913
22251
25108
8458
10212
8331
29958
15911
9723
6468
3887
5651
25446
5849
14286
31261
27487
18284
21133
1856
17493
17018
2612
26060
19179
8285
25407
7689
16364
16653
14397
3375
22843
25660
10106
10234
11103
1948
13250
10646
8339
4243
9277
21398
234
22194
29933
25354
2034
26857
18455
28643
8094
8112
27256
32095
13724
24272
6518
24312
25669
26329
8446
17125
28397
888
24111
13948
17159
906
20834
28138
25796
12467
9903
13250
5947
16201
6316
8767
18677
5180
9925
21121
543
27538
16242
16319
31320
10245
13399
10144
24936
16183
29683
829
863
22654
6560
17179
15456
30927
14446
28513
27296
13453
28687
18429
13774
19261
11920
2526
192
21321
25654
30381
7151
25579
14165
11609
32246
19914
11378
28360
18155
4514
11042
20265
10791
28503
30724
10409
15766
17333
2400
2874
1774
6114
20617
6466
9528
13773
25915
26127
32252
6783
1261
32462
32749
1940
29393
9303
22813
14565
28736
31163
7723
684
17694
657
24523
24302
11258
18426
2160
20059
8121
4827
3664
28760
29269
8036
24500
5826
29199
15313
9215
18020
17052
28542
18352
16674
26858
22820
23100
4762
11600
18713
8132
29136
17499
5660
1335
19467
24386
12205
31583
7230
5074
30798
1984
22173
4138
22906
13618
22420
6365
13354
6174
1571
31133
27203
4757
11125
27794
25671
2628
27120
9741
21464
13213
27096
21659
24743
20706
22383
27944
11022
31504
8515
10958
17621
29324
2769
20296
3650
355
9032
25166
7660
16468
30950
14190
11066
2530
28838
8678
20963
4520
31341
19380
6446
28678
25236
15953
8244
23607
11063
5395
27912
29566
20898
5844
2490
22710
8973
31403
27475
21540
27559
8396
28081
12490
68
30766
25986
8006
2187
21953
27516
25611
20411
8190
25478
17560
20898
23749
5816
2174
22338
1398
32161
3979
27571
29746
27861
14169
3393
17735
31780
31887
26417
16070
2931
17489
17568
32701
17174
23896
15997
3935
14219
8072
31109
6222
18237
19668
16430
2348
13544
25267
18925
2320
8909
4837
31789
32058
13059
14704
19661
17854
22969
12875
6490
7611
17562
21276
11095
21202
4188
1109
