25475
12768
27770
20842
16367
29034
29081
24871
29047
20034
24876
31400
7560
15063
29452
7135
11791
28072
7234
14905
25876
31504
10402
20145
6484
25983
24174
23180
21109
8790
22954
206
20328
29343
12709
10910
31856
16009
15961
16068
4914
15705
13721
25515
7655
160
6426
12306
6396
16036
12420
21775
23949
26110
3449
4375
16790
5182
13957
6600
16854
32428
15072
2779
15571
4315
17914
31991
8225
12574
4747
19728
12831
7202
16241
19420
22511
1756
32663
17949
27761
4745
21241
20371
23006
928
10519
14435
4077
13226
27550
15217
11004
19021
11111
9037
32241
15246
16904
11756
18
31759
7612
3799
4
30585
29510
14036
19797
29163
10117
9850
29888
31740
30153
7711
1383
24295
7374
11765
10701
26201
26224
13103
7567
18624
23860
20810
22421
18592
11379
28131
15160
21560
6030
32712
17051
28431
32275
13964
25302
17223
23221
17654
8954
4852
9652
12521
14346
27343
24850
21147
12237
3577
30763
29549
3013
3019
12358
2601
20803
614
29536
22155
28801
20154
31989
10568
2499
7205
22697
26158
19266
2055
19977
26815
18957
31934
24013
5931
27561
24989
30413
26142
14009
21865
8238
27463
15287
12015
11623
11125
14616
31025
16549
8065
24609
10618
6150
7363
6981
27056
30987
25159
11007
3621
1922
5849
26939
12846
29127
32604
10695
17831
545
18367
1861
11742
17359
10605
25570
28093
22000
8344
19806
26471
7319
16213
23131
21012
28416
21887
3444
2835
9798
31190
30470
19517
4696
10031
32537
26871
23721
12133
19114
18036
3604
2368
7774
18156
21614
18521
3945
11970
21572
24369
12828
18585
14545
219
25643
11198
7586
28763
350
30562
5712
14578
21338
24274
3135
21298
9038
30326
11350
25490
22542
22112
29400
20507
6436
24882
30526
31186
29590
9723
13747
29050
13915
32646
4074
13205
11063
7027
3474
29232
24206
18523
23022
22277
26517
15423
17402
19222
10635
21531
2455
6018
9287
2761
30989
11201
12439
14488
2802
9903
15676
10413
31259
30613
30179
1998
22691
16840
8939
11817
7546
21954
15638
17387
15515
30997
14165
6986
9745
20774
29076
28723
2327
22692
31214
28053
1606
10779
20931
7388
16734
18656
7909
22517
21192
6023
21375
30740
10862
3108
13601
9329
26569
22596
19610
6604
8719
23497
31894
20588
16455
7279
15723
13431
945
24958
19687
18479
9480
27461
31258
28261
24484
14762
5537
3139
2421
3740
30949
25928
10950
19690
15521
6643
24058
1495
14398
15666
19603
22179
27703
2735
12532
27646
9163
13462
24902
29153
3464
14916
7117
2584
19937
7955
9972
5716
12146
12007
13790
537
15888
32103
20350
30983
14357
8315
3703
14630
31710
5543
27463
13957
23374
21316
11406
3820
10471
3645
15408
14012
32402
13818
28307
26223
19154
606
26779
16085
3408
27576
4082
7494
23540
22365
11229
2896
20408
4253
4228
12620
12703
6308
22988
18338
32679
8069
15690
30564
16406
7204
15479
11223
6554
27328
27061
7838
514
22870
12310
32162
10087
2918
13199
19411
3412
14402
3982
24791
12060
24492
10039
19419
26998
27638
12458
27292
11421
17970
6199
21035
23964
458
7850
17229
7413
12827
18258
4778
24829
20362
3476
8649
24759
5097
6206
9108
31448
11774
27156
32754
14953
12139
23117
24736
25488
27255
20827
7309
7931
9230
16912
32
18526
2149
27088
5719
5383
27798
23445
17839
3864
8851
14328
13891
1732
31976
1675
17246
10210
15268
14852
18983
31460
8474
25460
4010
10467
9680
20423
1275
32579
20642
20455
5924
17334
18572
13496
5097
16779
15980
7147
7146
11445
23582
29790
2868
22619
11237
18159
22372
17158
32578
3371
12763
5139
10213
17654
23922
13057
24646
6533
27430
20434
11582
5631
8979
9508
30276
18903
8924
8882
31555
6089
2463
32272
11670
29124
16641
26869
5307
11514
8569
32556
25113
7269
31014
22014
4486
22220
25535
22259
25659
22786
11984
18905
14997
22679
28972
9068
16845
3464
3551
7482
17546
14309
15991
12945
16984
11812
9126
18222
15541
18954
15283
24002
26130
17216
10843
22855
30805
6293
3224
3823
24406
31787
11097
17229
23624
23262
16134
10852
26211
20546
16673
184
18684
10460
30368
28585
12659
24116
26097
26699
29175
23085
11968
25452
5475
18681
6904
10600
11573
13772
9372
20552
27967
12557
2633
20063
31160
10831
7821
7088
31436
13718
23345
6350
24076
15685
7683
13491
12796
32400
30194
9051
18972
2089
19049
24264
1253
17652
29743
21844
21699
28193
20889
763
27623
17713
15591
25019
18620
12119
31628
22133
11109
7829
4293
12048
11576
31019
8886
14288
15703
20650
25785
26947
16727
23766
4103
12474
30866
31661
7346
15722
19111
11357
29429
22628
16287
2907
32706
29207
1633
3223
1914
25783
23767
26981
16411
31070
18160
6183
8716
20710
19345
9828
7954
21289
11589
7690
30310
9762
20237
26834
10670
18782
8973
3112
23127
1594
22821
20372
11292
24226
30465
16652
2404
26107
29213
6174
7617
6086
22007
22586
24675
32352
18493
5807
22117
17008
15845
20929
726
20008
9031
18597
30181
16714
8952
19932
10918
23623
32529
9277
8407
10816
12095
21378
8954
26501
24110
15915
12568
23725
15369
14066
7830
14445
249
6734
24951
28619
22314
16875
8680
11456
31999
14455
5839
17542
6759
25842
25979
28772
3881
12190
8989
5669
13730
26776
13313
31608
16710
32099
6623
7932
17823
9620
16935
20976
6921
12125
16949
14424
28897
14051
8582
17588
25535
18249
18274
25790
26574
17110
6375
9867
23447
3706
20256
20995
9970
2359
7248
29541
22273
19830
18078
25070
29135
15358
26244
15210
9973
30439
16709
14320
19500
3305
2295
6595
25035
11383
30964
16588
22226
14744
30082
31067
10174
2319
32005
13449
26942
9030
17256
7673
31814
17811
29727
25544
11188
29314
18956
744
5536
15131
16239
9619
28810
4014
18500
4514
28646
14450
9219
26152
27026
31241
19230
17734
6908
31582
29762
14826
15461
10337
13847
23205
916
18113
20031
27944
16826
26083
24480
17541
21877
23838
8121
1634
22165
28120
10238
19984
30426
6007
19503
27184
20892
10277
24956
27658
7269
12831
5523
32193
20823
14638
4191
4174
23505
15203
29293
29481
32203
15915
6453
18428
11526
32461
30978
26573
19322
15506
32443
432
14085
21763
28434
25131
18665
20657
5575
28010
27411
26795
24784
23046
22979
7706
8556
23407
24015
9434
23077
3904
8381
7555
2157
15339
24109
8107
18623
9925
17052
14553
11251
14792
31489
9840
26367
18515
11004
4174
10458
30738
26497
9024
1889
4070
221
14119
9789
749
5555
32608
13430
5762
28653
19987
11140
6696
2033
22608
1720
28955
4962
5863
24847
10450
25121
29648
21028
10838
10789
28700
20367
23018
16582
26564
20137
1459
18903
5579
7193
29614
2428
13884
30293
3052
22159
15834
19548
31251
17173
29505
18575
9475
30468
13092
29671
26906
6359
21513
1125
18374
2486
5469
23863
14582
16670
30963
6849
10040
21505
19459
20016
8549
24568
1071
9207
28579
8137
15777
335
2494
28998
6475
2433
2936
6634
17650
8779
3656
13451
15769
29384
31420
30220
26671
19312
21885
8877
6750
18785
4044
20086
5159
16594
3858
7465
24097
31978
25055
30388
4433
14923
31269
15487
30930
7433
16391
6188
28765
12134
4412
22581
27765
21225
16488
19841
29434
3997
5271
18171
25115
29393
7491
30377
6716
24260
14595
109
1084
26106
16219
1873
29894
1366
32143
6718
10622
9841
20724
7501
8552
10563
11805
13677
4207
288
6387
8946
5481
915
23723
29494
5746
17315
31793
1765
15477
16256
15007
21864
6342
13364
22182
20869
16601
4305
29265
27422
10535
2473
27033
14206
2976
32094
25096
14718
10737
18569
9604
15746
13379
26723
18513
26929
5429
13867
3674
27176
18377
5781
10081
17127
10986
7661
26260
8963
9499
12189
22992
27800
15686
25411
21389
17230
30059
14780
14789
11139
958
12005
21576
18395
27472
31716
23389
23804
3189
5612
19248
29648
13719
5302
15409
21155
19756
32237
11708
2533
8946
13755
18306
8615
17323
9349
30542
5625
17462
23523
15631
16912
32378
3446
17538
22024
8843
30891
20242
16020
6725
22322
9580
18896
24917
5161
16903
29009
18566
20468
20697
31073
24227
31538
21426
3839
21458
15556
12757
29034
18032
30580
1232
6004
31784
26493
10193
825
72
27261
17499
31567
24623
3730
9683
27077
15494
13907
274
13333
21793
19736
8081
32621
3847
22383
29178
3253
15210
15493
23922
32344
8796
31823
6011
5707
20049
11415
5380
17003
25918
24920
3508
22853
9509
27494
27882
11240
24163
3199
21080
3497
1778
28610
1654
20682
30386
24475
26382
9467
29315
14705
29108
20918
29451
25431
8827
2214
1905
30288
16953
26592
17687
31163
32400
541
31987
22387
7385
19167
17701
17216
25183
4758
28958
17705
19597
9361
4190
10267
6734
6389
17567
17478
12267
11685
23548
7694
7603
5276
24491
6267
4646
19041
5870
507
1084
12935
9805
9235
7903
12449
9162
18128
10623
4165
14204
14025
32319
27820
11004
12524
14001
21268
3452
19975
2248
27110
5094
14064
32188
31830
23214
30556
6810
9114
17700
6405
31856
110
29601
12668
16460
13417
17460
9682
20763
3330
5084
8843
31015
1025
23011
12378
1255
21989
12084
7163
22502
24269
689
13670
23276
17007
31264
1545
18988
27996
21837
23533
32012
12544
10160
14887
28139
3508
22210
30182
16233
31916
14814
4939
16498
23545
8671
19997
14646
31942
22708
10471
10355
3660
14614
10426
9502
24087
17018
7933
12140
28036
31700
6802
12700
28197
21118
7125
1407
32021
7489
3861
11263
27882
13448
18
3193
12048
15063
25794
13657
14833
18343
2475
12792
13393
18419
11229
24742
30333
18457
25196
25416
23544
31189
19048
23669
26010
13784
1914
25498
12366
31041
18813
24357
7979
26109
25046
4544
4975
14141
14231
2769
19247
21086
32035
20572
4881
23166
12932
25965
31169
15116
19333
27702
18616
26769
25285
16706
928
13328
32176
26585
25308
8916
23332
26626
12053
13920
15521
29993
3175
23587
25082
8325
15160
23491
24192
13747
23705
22618
26879
31994
1321
24830
12323
6058
20995
8066
3717
510
12391
21036
20453
10896
3385
3169
12654
13754
1860
4808
30457
28944
10041
32484
472
10031
31883
14263
13953
20072
17763
932
2573
9514
5297
11688
4180
31445
4870
8166
30299
17737
30198
23006
12286
4998
28851
15634
25924
18975
9868
15309
22680
23614
29428
21104
29621
29394
32753
27019
28949
8866
18661
8601
29224
11193
14077
4029
24168
19310
17788
341
7886
17286
4601
21583
23609
29693
10772
17117
5912
6629
9012
15408
24536
30111
16483
8230
2698
17174
7560
3437
4432
5756
7320
6878
22318
18063
7235
4804
17427
4512
23035
2811
29532
30412
12854
19815
17600
16270
14081
28498
1881
13153
28710
24844
15907
29861
14880
1296
2977
21773
6372
8709
31669
16161
5173
7428
13184
23846
30227
4653
11045
2037
24863
17168
15607
11360
7024
20597
29233
12066
28996
13702
6018
27398
2359
16697
30325
16563
14904
16421
25528
6027
9385
29773
4787
3157
13398
25192
10489
18480
7572
18478
22891
2082
1191
4765
11131
3415
15524
13662
6246
16536
30082
8486
1721
23705
27123
24060
28763
8479
8251
7880
26957
8050
20206
2253
7525
17739
2835
30755
28731
32233
23328
12776
25927
17388
29926
31877
18754
19159
10578
19728
15916
20584
11378
12051
27439
3639
11953
30758
24723
26377
20823
5990
18569
5431
3554
24864
16550
6069
27745
30977
11261
17971
3482
16835
4296
27555
31125
18718
32573
7551
21862
22866
26080
22482
9014
30348
18701
29739
28744
4410
7813
9931
24628
5035
22470
11772
7554
7336
7450
18206
21798
21290
27890
1730
6687
31408
3364
4943
20924
18195
20194
9857
22126
32196
16017
13704
13584
5346
10471
14161
23840
10670
30497
9382
21720
5407
32263
26084
22417
16774
2545
31697
6823
24254
27401
16510
19334
10212
10564
21028
31923
4250
29601
9839
20444
18519
13692
13756
30297
4040
23577
26990
3388
19905
5330
31604
2770
21379
24504
26668
10079
4038
13977
13042
25942
15521
20524
25674
25597
28060
14121
4385
3653
12946
11670
17101
5413
6655
16942
27590
25844
18235
15857
15842
5058
17802
16790
7440
22774
11540
15019
3543
1382
27019
18941
31854
23722
22546
6888
20534
18242
10570
21494
18426
28762
15052
16493
10082
17164
9480
3499
4246
27133
1828
19127
22588
23595
688
19016
21226
17840
21447
18470
28517
4305
13381
18440
6785
23792
12286
23791
29458
23264
15245
13331
15923
16220
5970
28333
25296
18124
6153
26775
17431
16222
25641
13528
6992
18323
21285
17291
30235
16495
31141
20119
9752
22992
13439
1363
3494
6065
5541
2987
31049
25683
32048
12189
22519
7753
12115
6772
28694
18915
19733
25822
32541
31386
1255
11602
13574
2961
16206
31684
29196
16538
29119
18499
23060
5888
9340
20451
27402
24864
16732
8040
25597
5707
17021
18692
23352
12467
14633
6081
11022
6602
6092
25294
24138
29647
18214
29333
27116
22537
964
3605
5085
12554
32141
16363
21074
4699
4856
25102
19388
23867
6784
2239
20214
319
24894
23087
22963
16068
6143
9556
23572
2542
4842
26221
30650
5819
3552
30003
26179
29403
5457
11783
25447
18465
7942
16122
20971
15842
329
18370
4352
20915
18250
6900
16520
22905
27487
25951
30866
25022
923
29674
27873
26510
27072
13584
24628
13148
8545
21683
20575
20053
20528
14011
12111
6556
23088
27092
4833
25501
3649
3011
28383
4358
12017
13058
19399
23023
3282
2349
19185
31904
9123
16186
6292
25316
8873
19609
23438
26057
28859
1393
11204
21028
17631
774
29598
6583
6051
18761
31004
5214
28635
17252
2401
1062
12406
7650
17103
3111
12833
3756
30035
27027
12074
206
15795
28507
23447
22934
9668
12642
13498
17568
19609
7557
14846
22729
6186
20329
15794
32698
18662
14050
29967
23668
25083
22450
4019
18351
15355
22594
10411
9836
23306
12817
28013
558
14992
11342
3802
20293
8820
17794
11426
6203
31560
29203
10371
14736
9638
8983
30287
27999
21641
22082
18952
9355
803
21380
2890
2263
15553
24360
24418
1560
31310
5329
32480
24113
15063
5650
3566
27928
2327
13076
3685
5712
13112
24133
7394
31446
17354
2272
4294
6934
12089
21387
24639
14249
9432
13310
24443
22281
24480
23915
25533
25315
1175
21728
26715
5441
780
25900
27246
992
32701
32067
29656
25740
15976
18230
20407
23229
6154
15755
25457
8522
26089
19831
6940
26801
14209
13869
2143
28503
32371
26458
940
9149
2977
30719
15527
18435
5755
2882
8034
30588
14803
9323
25823
18600
2473
4351
28303
32709
8159
6983
12413
9655
20662
968
28934
8567
19658
13226
623
12652
27809
5505
27554
18991
7051
9218
2840
10323
2022
27456
26747
3002
27769
31827
29655
23308
21747
2034
27302
25408
9600
14221
6606
21865
23788
31257
19457
28888
4170
1839
28711
7946
13914
30133
28523
13970
10562
30364
28899
21176
11710
20743
13994
22727
22915
24377
5410
14856
16713
31751
19252
18224
16620
30668
10723
286
1417
14430
16326
23185
15847
17438
240
11941
17679
7486
17510
30810
20594
16220
28873
10226
31674
22937
23219
14487
4312
7880
28808
26728
32435
28626
2926
9417
26101
14663
9930
2611
30270
29527
28086
13992
6301
5942
13120
25287
30576
18228
31704
26487
2596
14947
9016
3164
32338
24819
10715
5932
31927
9855
27971
13955
13713
18953
30789
13905
15114
6032
26682
32545
5622
20273
18525
2026
6951
31870
28610
22920
9825
30311
32362
22751
2993
7570
27476
8377
19857
28100
3299
8879
27755
28785
7284
13558
13166
27562
13978
10553
4014
30359
12155
10786
5917
23214
27728
20842
17658
6861
4274
941
31140
23773
27317
13440
5553
20870
16408
29602
9616
4927
17175
27249
18139
11340
2615
20683
30063
23250
10470
32088
31572
28073
25013
15752
4319
2461
29784
871
6839
4306
7991
7174
20546
6724
28473
26647
15734
29766
13340
17809
4078
4022
13214
16703
15709
5417
14348
28
7784
28002
100
7869
15547
29119
2392
11439
24839
11785
18017
2137
23869
12529
31509
4958
1984
26781
13339
32332
28608
23398
8354
23623
6359
22033
26721
6005
31912
26041
12949
4001
11187
31462
4040
30058
6620
16034
18647
3892
32340
21586
14564
15217
8548
17556
8753
14973
8394
11809
27048
3359
25730
31561
4576
7228
32740
25386
14153
715
25611
3288
26315
7000
26576
10742
8898
10608
25120
552
3523
3489
3045
30420
22382
938
2882
24563
23366
23726
23459
9515
25831
2630
13217
6877
16037
15672
24692
6049
21623
245
21643
22638
8500
15372
10605
2722
29486
8987
12742
10936
10822
1058
824
27846
27755
17404
10739
3542
2072
6138
9830
25767
20174
15014
9284
27214
25152
30225
7380
27477
12316
9009
17650
18537
10722
16886
446
19116
11217
22224
30463
15348
17037
24363
11718
26386
682
1629
1993
12312
10047
21467
13284
19381
18412
16374
25212
10717
3318
27007
11559
26931
22502
31038
28002
20733
4090
3694
3547
14634
20637
15116
5725
6134
12135
26836
13964
5905
22244
17068
15055
12205
17002
30721
17397
23917
22096
27124
1986
19207
16802
30245
6041
24893
19135
24925
4008
14278
7102
28061
9337
9116
11383
16439
281
30897
31583
26977
21169
25186
6415
2707
29008
11405
5259
13666
14705
18201
3299
1182
20510
12180
28215
11273
21639
10028
20044
11043
25433
26859
10902
31050
26566
20742
28480
20053
20631
10661
28971
23610
31707
6183
18917
6374
25638
29663
13196
13043
12307
18117
18388
18639
6185
665
14237
26185
29730
12791
23841
3209
8811
17953
30930
11751
26122
1755
15836
15168
11935
20748
1714
22271
8116
25353
22500
17267
9439
23101
25738
18568
7227
23088
28989
32573
23556
4710
2489
6198
11267
271
14765
28270
3312
8340
29845
28619
24614
31115
1611
4892
22393
13613
27331
16238
1574
31946
11344
14058
21462
5382
24178
21008
25277
30101
31063
5981
10893
5307
8243
22616
6355
29151
6861
5017
25679
21478
15962
23598
11893
14156
9075
28609
23836
8279
25108
9609
19534
3819
30209
20734
18190
20857
25645
18296
7590
12908
12263
32249
14883
26315
7457
13879
15522
6559
25871
20147
17470
19147
18862
8668
29901
9357
26659
21007
9461
26132
17870
18529
17784
8322
943
19677
8406
17043
6157
4396
11880
8825
21775
3194
23470
12153
25751
26551
21888
21297
998
1738
14849
541
16876
21265
18660
21328
20034
15770
14815
26244
16398
15144
18394
26350
12712
26904
14090
23449
3711
30102
21106
15360
14902
26883
13611
31360
31357
13714
15112
9896
16161
24745
27987
18403
10394
22098
24534
10586
6756
2081
22708
15611
1906
11068
31921
22318
31258
13191
22315
13919
5858
603
18738
5088
3879
15467
28796
26517
25262
11453
9427
12916
14651
20289
18134
25385
14445
27180
29835
26101
28178
17478
11135
4739
3958
2685
926
20485
32373
24618
24943
9458
12273
24204
4587
21396
23479
7253
13706
4602
1230
698
12952
28047
11469
2044
7325
31028
2748
2048
20996
30292
10286
32427
7150
11547
3125
1393
10027
15961
11819
6916
8008
15996
7682
14368
29149
10517
13263
25169
12317
11124
28435
25229
20974
5433
25527
24241
14138
22808
31052
12085
15671
6957
17551
29023
1108
3442
3393
25533
332
5984
5911
29381
26960
18643
30939
10578
3508
8066
23719
14024
6889
27893
11144
2717
25443
4074
2515
21457
18728
427
978
5482
4472
1351
13745
1425
7537
23503
5213
9802
9059
30916
23726
23863
1118
16134
23390
28443
19446
26674
24452
9999
10189
18529
5746
8603
887
1413
3270
32627
18326
3598
25700
28982
21533
13459
21235
24625
9148
26653
12026
7688
11158
646
18917
9890
7222
30111
28307
18238
10018
23261
8673
20056
5373
31726
9707
11775
32416
29064
30380
28450
8421
29900
23047
1946
8657
22766
25754
32746
2517
31519
28756
10172
3430
9435
8641
16891
4530
5094
24089
28693
22402
14418
20359
28882
2312
32571
5251
12677
29107
17178
11598
19843
5259
18128
18198
12595
2806
25557
32006
9538
7898
13951
10562
5060
12537
21853
24011
7416
17206
10117
12404
26972
26586
7177
20333
26833
1812
4332
25822
10564
20443
30254
11882
17186
18094
4300
13367
8633
31862
21850
16155
27041
28420
13010
23600
21524
5976
10692
23767
20989
28472
19395
21588
4516
20267
8856
8583
27484
25999
2756
26549
20822
12352
1882
4276
20511
32466
30853
17597
4479
19004
29321
30356
7586
7360
32626
27604
23798
13757
32486
18126
25364
24636
27152
17127
32135
29200
17494
1004
20627
28089
15271
20310
18268
8542
11238
16314
5210
1822
24955
23666
26945
18016
29751
14829
18890
24733
18601
29328
25366
32302
21195
11424
17303
4565
16262
24667
23567
12225
11268
14780
4322
14033
12700
10487
4046
15695
25390
21260
19420
18339
9841
6896
30777
30090
14070
6144
6756
29928
7911
25791
23618
14038
3553
27095
32537
1474
20777
21117
29929
17591
14776
387
7043
14294
27118
7558
22112
91
15971
23800
10272
18888
26693
6364
3913
15937
14762
9952
28224
14815
23285
1189
16963
11743
30287
1387
20885
1693
28196
15341
11999
30482
12524
28255
29399
30410
1716
134
23133
19018
9956
20649
12396
29874
9936
5460
23630
9600
2854
9203
31761
20129
32478
1685
1460
215
24432
5277
27971
14881
615
31945
2051
6872
32153
21896
25104
1513
23595
1785
22198
346
8721
30565
25953
8746
11430
6474
29709
14195
16330
32765
28962
28446
23217
2361
20645
7833
5235
19495
21611
26636
24571
21970
22035
32389
21043
11869
13468
23124
8138
10643
6957
12624
1493
1485
10372
30738
11543
16938
22327
18902
18866
3905
18627
23803
25102
12916
29480
15246
21852
25197
14416
20289
8968
10111
24053
6196
28037
159
21922
1093
20253
24073
25462
25755
22656
20384
1845
25357
567
5019
25344
31583
6726
9021
5061
24311
10000
18357
20951
9202
17176
15517
7109
24875
3461
21947
1422
1475
9997
4494
3745
32284
10225
31996
32675
25210
6535
20563
2553
26361
18627
15609
29391
24797
1663
18127
20106
30147
31966
7038
20397
1914
32402
18927
9708
15748
23740
12422
11680
19508
32696
4617
3882
24807
4214
22289
11705
19656
9427
1360
29947
11072
19430
13659
25718
10100
9718
18216
3540
8738
30640
51
13579
10781
1405
6136
29926
31230
12006
6360
3030
4640
17133
17560
25740
31237
28842
9100
2497
20522
8150
20779
27165
16237
30183
7608
12034
10167
23208
9888
29706
1878
25203
3593
27396
22722
30747
10633
14018
3956
14292
30965
4172
17509
25564
20703
5695
24188
18762
32396
26217
20494
11508
15217
7077
8519
6956
12276
16124
14496
6420
1109
25237
14452
836
21590
20470
23888
29982
19494
19374
12620
3936
3031
15981
17890
4665
26678
10708
24548
10770
8969
25428
18990
12373
5742
15642
8325
10755
13415
14529
16902
16740
28687
19880
23609
32476
415
25415
20823
24373
29994
12366
3408
13654
8699
27500
27638
24496
11194
15214
30474
19269
20016
21226
20148
10201
18925
20166
21885
23240
17026
4519
6838
17142
16650
1556
331
23687
15234
4144
13548
4200
24993
24678
14955
20599
4526
5601
6004
28411
15992
20045
13488
27391
32627
14924
20051
14849
1303
4519
24115
23546
19503
30479
12693
7299
15665
9405
6105
1297
30789
8770
3794
20947
2714
27844
10998
16707
3491
24586
29527
16459
6582
18061
11404
29626
7552
2166
26882
27186
27338
30017
21795
15012
2071
19714
20239
6321
15706
8453
22756
31835
20632
183
9733
27958
11009
11825
17434
262
30644
23725
14551
24404
1657
1212
21652
29099
7969
5440
11704
18315
32023
8888
23033
16486
17338
22815
19397
751
4800
4562
294
21248
19192
3003
9866
21606
5435
26371
7541
11959
4826
10794
7272
14711
31067
12249
4216
9081
30989
14035
25389
2412
18340
7064
31881
9413
16148
11762
9335
15841
32243
8584
23205
31259
1506
27749
9250
7058
18310
18825
13746
28479
17032
7846
17075
15704
18971
6515
8065
1018
6995
7634
19213
14946
13916
24746
28557
13617
26571
4671
24844
30643
17757
25051
28594
14305
21096
12643
26267
18408
22095
7005
13149
20720
20443
16038
27893
20878
6411
19695
12881
11931
651
1848
24544
6904
2758
20315
11091
9717
3872
4160
8184
27033
5939
652
29408
21741
30818
14955
27753
17396
23365
30148
854
21050
13962
2331
3365
1709
11194
3811
17057
19406
22519
11985
286
3132
7543
9358
6538
5162
12294
20530
12320
14715
14032
29390
29472
7894
22737
6011
27442
5777
24953
31740
5336
1621
27247
22206
2400
715
28829
31548
7795
6298
6894
27234
12778
25442
32377
19558
9572
12292
17657
4072
9166
16449
8531
10895
23111
21911
31751
27254
10671
6615
30699
6226
683
11951
22734
11993
22928
14186
10426
24852
3649
20023
32134
14285
13613
31263
16077
20958
4521
885
20930
21081
12454
24844
24763
4812
24142
5589
20148
4724
15787
16513
28572
16806
21792
12063
23876
22680
9173
9849
29507
4475
12857
30176
21323
4170
5582
24103
26571
10695
4117
32452
11243
25440
18175
31281
9108
19407
802
22448
24370
460
7024
10847
13127
24622
24400
14997
7311
591
16454
5229
31549
14471
21943
8166
10559
30573
21621
7109
7693
7075
30940
14784
28958
14096
9840
6510
16845
1467
22775
17114
1664
6538
19089
24011
22084
22907
239
17249
24707
11366
1566
13509
29422
12865
20028
18518
27588
2206
26925
32393
27005
18478
16844
19593
32138
348
29791
4630
6713
6624
15691
30477
10356
14659
5993
10443
3261
20011
20508
21250
13754
994
20350
5122
30170
18948
20242
4669
13090
10652
10348
22167
13797
21686
4402
19409
7343
7378
23348
25254
1868
5016
28549
31856
28606
16301
4180
23124
22675
32321
23878
20640
8583
23504
28390
19539
31091
23854
20022
19378
31530
169
19370
29267
18165
16521
14854
19339
223
9323
5117
9755
9009
30663
30656
2594
17153
7638
25053
11259
20249
4135
6676
28382
22041
1218
32581
29165
7588
29237
27684
25578
14873
20844
15450
23162
27355
1479
17229
28718
14671
4303
12955
21337
16524
23238
28819
11279
2189
31426
27091
29722
6859
7437
1735
15337
8516
32246
22737
29409
4286
24000
26331
2166
16681
30927
13688
14881
24005
28338
10907
6223
25984
2680
20451
19208
2374
25136
25773
10006
28464
28860
149
30955
11012
18716
17104
17148
25535
20898
17481
13249
26339
1358
21872
3523
3488
1124
8733
18960
11173
11273
20500
12370
15150
27646
26676
28043
26811
32459
8084
28553
13652
15902
17694
17911
18844
30315
23226
9826
18458
2308
25843
6942
22454
2807
26825
29479
15468
19172
19311
17482
5342
4075
16063
12294
30604
28424
30787
3682
23195
1450
25727
31813
29200
20274
4152
14672
2699
1006
10110
30059
18248
5982
20523
12831
28452
7087
17981
242
17588
14352
3307
5397
15522
28376
20785
12772
28535
2336
15739
6180
12749
13205
28945
23588
10208
5011
14807
13269
24262
30608
8990
27128
3402
17297
9379
29571
27360
6495
2365
16351
10126
27405
7964
11502
4681
14129
6278
29450
22414
21353
25522
16815
12805
1478
7274
18745
7756
9245
24382
20068
3835
29984
334
13770
20525
2358
7479
3301
31425
16826
2087
5137
6236
28097
24410
16747
22742
28734
47
1882
24597
28189
7294
4522
29851
10001
26621
5446
15276
32558
9841
6637
18140
20266
18111
14630
4734
13930
4415
5216
669
18211
11908
17547
30952
3625
9015
28343
22509
31241
6165
29065
23924
16658
24702
14018
3719
10386
5716
31150
17395
12603
24211
6838
32369
3834
14325
2930
12655
16348
24052
2534
16820
16245
13902
16364
17164
12495
14095
1811
7924
6482
18842
22703
31421
24451
3722
17184
30330
12501
17900
22400
11166
7443
5449
8200
18774
16297
25346
16554
2156
27795
10440
30906
27385
18208
3086
20405
18276
24702
29877
24133
8995
27772
6958
25051
17641
13661
24157
2308
6279
27439
7746
10621
23477
22612
24063
4518
8660
10258
22601
30000
12400
14230
22132
26341
24307
25343
17936
28301
22517
16472
7089
20887
17991
25736
15108
7800
18054
12437
31672
10690
30094
31623
23738
9843
13035
6549
23544
23550
4504
582
29768
10066
15573
22328
2449
14438
27329
12504
25372
31144
11436
5859
1551
6216
7782
20981
24172
11616
19968
22720
15325
23898
26170
17671
28741
19029
6415
25868
18780
28332
16695
25871
11694
19202
17350
2731
32067
32654
17569
14153
21509
18915
21284
10372
15466
30939
12132
3621
16269
6691
23430
19930
3908
4742
218
6115
19340
11838
1869
5666
14636
28203
5337
8245
5215
14440
24471
470
26306
24464
21522
9146
8018
32001
9015
8991
1501
15760
14146
8073
25633
12247
32194
26735
11615
31545
30851
26903
13028
31857
10031
25172
26308
16956
25248
3014
18180
31780
7411
8503
13906
29167
219
14214
3869
28411
22510
7377
29412
20595
740
12836
25590
28627
21333
17816
2744
11783
28658
16483
16053
12085
27741
3329
12977
15179
22481
26181
29082
28824
21328
11192
7883
29447
31552
26296
502
20250
14425
19052
27604
24503
32745
12216
27795
23175
27942
6613
28641
24628
19191
1852
21740
9347
21552
4335
20549
2324
22342
2618
19130
23793
17506
4265
10717
18308
22666
1368
4446
7588
1697
26826
19488
24203
12742
28433
577
24163
28026
23892
20299
29878
21767
4474
18250
15219
2385
21935
9504
29626
30410
23491
22565
8679
12763
11398
6800
26204
16844
13287
13304
19322
28260
24490
24998
5134
28770
29585
15362
2092
5098
13857
12372
24686
27033
16477
31407
7199
5902
9257
12755
22137
265
10796
8000
31547
8305
2573
9763
8789
4260
15764
26509
4844
31436
25415
25011
26253
28469
22187
15349
30249
11843
7990
29880
32454
9344
21708
19241
27580
14027
25149
31298
32
10023
9749
32294
10137
288
26027
24194
25432
10300
25509
29929
21586
2300
4012
31172
32547
26742
10960
19613
31567
25360
25772
20910
206
21860
4523
6577
30426
26435
6627
16082
16996
6673
19232
22666
4529
3131
11695
8595
28756
24227
32582
9559
7918
20987
2387
15942
7338
595
23311
29389
8173
9244
22370
10794
3008
5421
19525
11250
9652
6667
27705
14114
28684
24745
32226
31788
21657
24829
16517
31480
7392
11271
8978
25294
16535
21767
13147
6795
15633
8472
10895
18747
27993
3627
12806
8460
25233
11751
8337
28911
29039
20768
25677
10758
8242
3369
23613
3633
2835
28824
14175
7311
9181
7164
22241
5538
27337
13261
19118
21562
3620
14938
10524
25585
11970
1728
16562
2986
10215
5875
6279
31574
15042
8047
32550
28299
7425
18428
13429
2036
30075
29427
10839
31192
2644
2093
14990
28685
26749
28554
29820
19723
19864
19834
19851
10816
14304
22516
30046
1190
12402
15457
27477
16326
13340
18047
3838
10098
9743
29851
31291
19837
3658
22674
655
16700
13414
21298
16476
30064
3140
28616
18779
12498
28856
3708
22219
21566
15469
29479
10440
23915
6431
11007
31772
13668
14121
13123
21007
29230
24676
21295
9282
31414
30069
15467
27623
9077
2239
57
17375
20673
30804
5426
29149
10961
19269
31355
19486
7001
28332
3931
32060
10073
16634
26979
28200
25094
8960
3678
18475
21805
10577
25618
16519
2267
13768
8565
29573
8140
26640
23565
29028
12785
4393
18727
27172
9232
6449
20466
48
15574
25407
5731
6195
12399
6309
5565
13809
7043
13631
18216
17873
4317
19516
28827
31791
14774
30914
2619
18644
18438
3886
29608
28147
7118
1141
28019
24239
2893
19623
30571
4290
16903
16238
25398
7178
15211
13282
20811
26946
30185
17813
1577
10235
14251
18784
26914
18340
29400
4873
7340
30671
25107
30594
14560
12165
1162
23090
26687
21849
3749
32490
22947
3175
16710
10272
32561
25092
14206
4967
4078
3080
10383
1670
22884
20118
29169
13765
19861
19489
14296
30712
201
31212
20589
12135
24470
15724
16232
17956
18152
15774
32086
16330
15017
12367
21994
28431
3137
29129
16965
303
25439
401
27650
24760
19999
14110
14623
6852
15152
4155
27206
11521
29302
22688
7846
16431
3178
10651
25800
30988
12931
7981
13578
8646
7635
1599
25754
25952
16727
15367
17228
21548
31714
12654
13064
14781
11379
24951
1082
1217
25315
24090
23787
24101
23262
15960
20479
13072
806
19020
3791
6585
26398
3646
7276
32273
11986
9324
20736
232
24202
5798
15622
29508
17272
23757
1506
22874
2194
9645
5429
25881
18063
6853
9332
3305
29436
1615
7756
12742
16392
17763
21422
23662
30832
28807
15239
29159
18759
14820
29455
7510
25325
32509
23512
14739
30163
16304
25197
31913
26329
2636
557
22849
21231
11127
16626
12971
28952
27672
3634
21736
21037
24853
28835
23118
15430
16265
29218
11708
30478
32660
773
18203
18452
20912
17311
6358
577
23975
7473
15743
23332
12970
23153
19588
16421
24098
15866
10408
12418
8808
19557
30474
1123
997
20536
25123
15240
28468
2145
11321
788
31173
24161
31940
10513
22262
25989
6294
29191
9020
23620
21314
16959
25463
5608
10517
14685
21798
10148
12560
12926
8665
4018
16618
3902
26250
28313
17591
10965
4820
17480
2196
25919
26846
17625
14924
6176
27277
2810
16160
16774
1935
9454
10413
24398
12756
18408
16585
28448
5986
113
10435
27208
15294
2261
5497
15315
30110
29573
19745
8632
19585
10576
22244
5128
23142
5404
26314
14991
17199
4753
15670
29017
26002
12331
5803
11906
2322
13482
27826
4161
10250
27760
28063
29265
25535
24126
17425
27239
16640
25256
8959
7223
10363
9153
17960
25329
19412
13146
10468
5071
26369
9226
6944
27382
8099
19393
26142
9543
30995
12173
6482
2092
18657
533
19202
23680
9740
5971
8307
13737
30008
3932
7438
12125
27834
25574
2366
14264
8800
17953
17317
28375
29473
21848
6712
23710
10809
7663
11256
19023
25671
29910
14224
2470
19921
32059
17708
8283
25859
12667
9535
19082
11333
10216
29869
9241
3097
23126
104
28115
32469
24300
13664
25468
7559
25429
9575
911
5177
1693
23705
23228
22644
25080
11750
15593
18063
7129
31090
2076
12054
13721
1651
14015
20163
2472
11850
10461
13610
21938
3949
22860
31022
23358
19630
32455
11960
32075
7105
10651
17676
24048
25732
28999
22107
28027
18756
13264
1792
12758
7328
3785
6178
28646
31411
8578
16485
30284
759
26063
22896
4837
26473
6361
32629
21334
30086
13074
13585
7020
31782
9272
5211
5047
10300
15612
12509
32135
13141
2427
5120
9032
15178
2690
24335
18231
12008
22310
6962
2479
13957
14457
27886
31518
8444
19258
2234
15968
2668
22694
14592
12528
3024
25391
9965
27147
5836
26144
12528
18557
12827
27369
10257
14338
12856
8206
30399
16062
3637
31211
2089
23699
29088
16829
24981
16658
24124
5171
19333
11538
19528
20326
30804
9554
5640
26404
12082
16978
14414
12813
16337
11061
20747
22256
22122
5306
25989
24091
4288
14506
32037
32633
5002
19129
10752
5228
18475
4217
6860
13649
5199
16630
25734
26759
17880
32096
13957
27692
30170
4343
8362
23531
24462
20724
15844
10232
26129
17638
30382
18980
21075
25933
29567
20869
29094
20793
257
27582
19645
32201
16286
12312
25024
28797
31006
8859
11016
22339
19465
25995
31546
878
7395
25157
17894
21457
29807
17693
8787
18481
26026
16846
3352
31548
4439
17219
18713
27055
31718
1699
4768
25412
5641
3438
27446
24946
21825
19917
3643
10509
16102
29225
8826
20007
8336
22346
5696
29542
10714
5043
4122
12629
16179
25125
30515
10712
25661
21936
21537
2316
5208
2745
12772
25688
17794
28318
11760
29068
1329
19803
1559
6928
16405
2991
7836
10761
18086
20665
14116
3125
8383
20964
8442
26324
32010
4693
20154
9581
10575
29178
12343
27380
514
21661
29023
18533
22500
1075
32656
2837
4307
15700
30043
1611
32246
29206
14957
27584
28114
9923
7475
7165
11174
18537
25456
22490
1200
28729
27641
18598
16966
15537
24284
30567
6492
10552
2166
7415
28443
32602
14159
30207
24567
14282
6117
9935
778
16181
3761
18103
32280
5204
26074
31972
21120
1192
5399
15610
11491
28711
1750
8118
6156
27574
32143
22906
7072
23833
21461
11036
26369
26719
8622
24805
17688
8544
13482
10801
6198
24388
15407
23844
22157
15973
22527
5566
17005
8097
17252
9913
11965
17491
17497
28520
30142
15344
12612
27703
6419
5653
9118
32762
23666
30676
8100
3671
32013
5243
27672
22980
21835
11813
25126
4700
20825
30711
3167
11949
9715
3081
12760
18229
20776
13707
19313
30054
9070
30825
1299
32734
19765
24874
9256
6571
20391
22626
8762
4239
2052
17353
22537
23072
13934
17406
26589
6082
5854
18038
28910
12983
6471
27132
27028
13159
29726
18384
20233
30371
27698
27888
4512
3307
29617
9306
6972
521
29754
24540
30111
28069
1283
25679
2531
27976
11100
19059
17607
26815
24506
31120
26740
3058
30273
10514
3908
29499
10200
25955
19854
28029
14304
8197
21843
7253
15426
29268
29735
16019
21024
6663
24475
13459
18449
7907
25461
17882
30982
23512
29052
6517
8249
12429
31432
32652
8312
26362
30241
1936
6420
28245
12131
32615
27436
3380
2760
9240
22385
32131
1696
29545
182
18606
27220
9916
8183
8120
31865
30851
14828
7797
2921
24414
6152
17796
14734
27785
11290
31918
3394
1366
24182
10426
28717
12679
31049
27078
29612
4511
29338
14610
25169
23783
30630
20890
4830
2792
28720
3036
13183
26805
6021
13588
19114
11933
11871
2847
25982
25470
5303
12456
6674
3957
8553
28821
18202
30817
27119
21061
24262
18007
102
21601
24925
15363
31256
17815
19814
2949
26648
10051
5436
10982
1787
27767
19554
28274
31207
3511
23241
3489
21392
13392
29508
31896
26504
11616
27988
16984
27902
735
19540
19023
27353
4200
32376
29676
15701
21089
28919
21521
18953
2885
7802
13703
17495
6406
12713
28789
15297
17127
25386
25232
14783
977
18645
10900
26389
537
22881
17067
4801
15625
15483
6965
9535
17022
16789
28834
1435
17914
12652
26424
23735
9572
13284
7791
7118
13076
22098
4976
4879
27530
24319
32352
19294
26382
10218
3534
25958
7324
9063
1722
5440
20015
9150
30072
21533
5709
318
4497
11825
27790
14211
28347
26084
9767
29296
20677
20745
28998
4172
14081
12360
22879
22777
16976
29038
18000
25577
22561
9469
4551
16400
26000
4980
9129
29422
27469
20945
16933
22407
24601
3097
14203
10544
30638
17312
1630
27548
31532
5324
30351
4375
22736
18994
1435
3805
20184
12604
7288
6899
24459
25853
19475
24005
23469
22481
7150
14811
30201
6287
31313
5197
8166
12013
30874
716
25926
19540
23287
4767
20200
23352
29337
750
2702
10229
30828
30521
1791
14053
28984
20583
9442
7521
9986
19789
24230
8351
25406
7566
11914
4637
28082
32197
6341
3307
23272
4744
8688
8485
21102
27205
22620
3830
22564
5968
12532
11604
9000
15643
25718
24399
16566
6671
29640
9256
9116
26273
8763
19900
32525
23176
15397
17249
24745
16185
1769
3782
22821
16200
23762
24048
32765
2708
32346
19828
13877
27234
2345
22009
11119
10886
31318
16688
16068
7903
6832
31865
10219
11318
17534
26222
23292
2501
5895
16521
2525
7338
12749
19870
16297
21624
18919
25885
7529
19627
31133
25344
30362
4601
26972
26985
13864
30011
10802
2433
15445
23008
30772
3803
19341
26016
26646
1333
23725
25415
5188
30188
10507
26651
13719
18428
29174
29964
16930
21854
2661
11771
19760
9314
9746
26780
5354
2026
32739
12540
32476
22625
14839
17684
22960
16493
31979
264
30853
28248
2781
25780
25232
27727
14363
14746
1617
14698
32691
7524
3082
22850
22610
7326
23053
22070
18124
27807
7332
31482
25251
31291
31865
1402
12256
10194
1947
6736
63
9968
21518
19667
23142
13496
11496
24480
22407
15973
14920
2058
10240
11478
15930
8725
5623
29396
22751
7611
12782
20468
3743
23483
6535
13953
16437
31145
16292
11194
11121
13887
2385
3991
1735
19336
3104
26261
15920
29898
1141
8870
5469
9736
9916
4994
29315
25583
27342
6554
4896
14202
13457
31217
24302
692
21240
8777
28832
25762
17373
20136
7804
23860
16255
23891
17724
10308
20580
15463
26484
24944
26903
18203
4228
12317
15051
19975
7642
5074
2138
958
964
6979
30249
20754
23446
7985
29387
19264
21735
5667
16904
15384
23717
21920
22400
17253
6097
6357
12376
12164
30293
26001
3283
6528
27825
25442
17484
1343
21475
4052
5302
4940
91
10695
26303
24662
29649
25702
29082
6301
12222
24176
21021
7248
14524
2225
14438
16375
25415
641
10227
8491
36
19426
2486
24318
29577
5991
13936
29712
28209
28351
21847
7814
405
19410
16677
30396
304
11786
2808
29631
22603
30942
12227
27534
4480
21140
20371
19770
29343
900
15942
17673
77
13522
4043
26583
12621
22385
3006
26921
6491
23964
26828
16057
24993
1868
7273
7065
12142
15048
11096
3412
4004
8307
11665
12754
28641
20232
25916
3712
2027
21589
13929
11806
10810
30455
27341
7626
24580
9173
19230
4744
107
27262
3126
12400
23818
15308
11943
28047
6644
15466
13300
4920
19678
5920
22908
26000
18644
2415
12394
23980
278
26135
9078
22079
12002
24222
27296
23913
32154
7962
20595
17709
5328
15254
28181
10488
13420
29867
8561
12089
12967
24807
25751
32737
7289
20140
29063
26259
28117
16794
10091
10511
32470
4948
691
24124
11586
29395
11781
10557
25075
17621
6943
13745
31461
5087
24347
31882
5972
15297
3349
1402
10143
1182
18479
26537
24936
1677
22393
27585
6645
14593
4669
16302
32358
15110
9944
1114
14162
22856
20344
12360
2229
7365
27026
13096
9690
32766
6675
10544
12605
20292
3710
21171
31345
10047
9242
16436
19691
10129
9942
7712
16811
28056
16596
10629
18832
11526
31800
19537
14336
24423
24548
12945
27542
31537
25113
8472
7905
18012
7420
22424
2743
22521
18228
26508
8249
6275
10195
27083
23853
22828
32418
4605
28113
30694
26033
26945
1916
21941
22790
21381
1746
3230
20605
4980
11932
15672
5012
14848
13854
7635
30436
15425
12626
24782
28513
2258
3880
8438
13672
20326
28131
11894
10166
15517
22534
24078
17887
24538
23867
12670
32467
22517
24142
27694
5029
25444
3539
921
32732
18464
20588
13676
2252
5121
3314
23067
29793
7469
30077
24105
17935
30415
5314
28006
22894
7918
17389
12265
25137
18787
9785
18670
8727
25922
18479
23159
4868
24729
19286
22329
8543
28084
18189
30484
26976
3461
13234
9299
32646
19144
6189
26668
4123
3998
13153
1548
3321
23880
14423
12848
6039
17770
22889
28964
30048
17786
32543
2054
28442
31218
24981
32010
18278
25415
16630
8766
13595
18870
17213
22914
4557
4348
22437
29553
27354
13503
6974
8027
4211
15188
23231
4968
4179
32447
21530
29683
27295
12745
28866
18623
15053
21187
532
3823
26233
9774
5177
11179
5601
11328
31239
11093
19328
5877
15967
13979
25619
3310
20105
1456
10329
8436
31694
1901
20109
28215
11889
15516
7542
31670
15785
23538
31746
3196
24854
2562
205
17336
22387
1314
17011
18688
27539
27762
23606
5480
22738
32017
1571
20411
22478
19220
3284
22774
5291
13387
28100
30591
28946
9913
9870
6410
14369
17972
6557
17524
8517
17316
14155
20449
4889
11649
25090
4275
23708
6948
31707
10216
13257
21869
11578
23715
26047
6877
4221
25736
12281
2067
3417
426
17943
6035
3468
13273
15480
26909
32724
23683
3808
13683
7896
26924
18903
13851
6338
14739
15417
15913
13635
23449
31937
6419
3291
7728
1031
19220
7464
27044
6622
11805
8375
18178
30397
22441
19303
27922
19146
25037
8624
4920
25926
23298
26307
16181
18503
7733
4299
13167
18032
25371
30725
24236
29559
11915
3342
24433
12978
2679
18962
14723
17409
2193
15569
1065
32239
21979
555
28187
523
1494
25370
2288
2808
30715
19482
13253
21478
29208
17133
19821
14573
6694
23297
19927
15094
1098
2257
22866
27891
2926
26015
29035
10410
12306
5722
26132
13543
30375
31472
30492
31516
10407
16165
23230
10276
20370
19234
15744
26568
5746
16094
20931
807
24617
19993
3343
21183
9772
26797
10433
10067
5437
16733
12108
11553
17858
27883
4603
652
19952
16856
28405
7245
1556
24069
18287
18858
9608
1094
30633
16940
26259
11222
8892
12419
8108
27089
17029
29614
31261
6072
3618
26144
24894
23792
21893
14347
20777
13905
24241
32479
20217
8775
3895
12684
20236
15289
7463
11482
46
18516
31196
18265
28295
9989
12471
22679
22403
32165
13206
23632
14801
24350
27443
22573
1877
8027
1426
20433
13455
16846
28566
7003
21517
30873
25973
12757
24342
32252
28751
7976
20874
4719
28179
30915
29449
7585
23319
18151
17528
11662
17747
20380
23118
21314
28236
116
29727
25065
19812
8633
17974
20357
13207
3885
6562
32078
27877
11644
481
9486
32432
7785
21181
15381
15823
8819
1265
25717
1950
30444
16472
19812
23073
29992
12014
626
18712
4379
5958
24675
22803
2575
20942
10311
25080
19427
51
1089
86
668
5804
18282
5366
2207
4025
21344
13924
26074
19088
7705
11664
6541
873
21164
20718
6532
16232
24565
19628
15735
30151
2834
30900
27072
11252
31723
7321
6818
692
32094
22571
5363
1642
25671
6384
11150
3389
20394
19533
6165
28730
19850
31692
14146
17120
19996
855
4750
6364
13993
21849
8659
28021
11815
16892
29115
29065
31025
13072
30472
26381
12281
17780
7970
13498
4258
29593
19904
24222
15439
3718
29689
20941
4343
15163
16205
16390
19566
9880
9110
32129
25873
1609
15987
32284
6683
26193
3352
25457
13451
2437
5453
14360
27328
2349
27168
23414
3176
25730
12491
14298
19479
30714
30248
31065
1446
16915
27735
7962
31781
15744
7795
8297
19746
17838
21267
29139
4119
28680
10117
1354
8597
29073
7948
3344
3603
30506
7739
7695
15729
16077
29449
1864
23945
32077
7557
13977
613
27667
11715
16981
28385
30619
11189
14258
14371
4872
8970
19465
11743
10868
1615
7779
26636
11658
25447
3381
27234
10351
28077
6644
12332
13992
26754
7932
12349
26715
3314
14137
17486
16894
21466
5313
2109
9622
9651
24106
30232
12068
825
32631
20446
1922
20473
27894
32350
14770
187
24586
25569
32125
19008
6584
19657
2295
2884
17495
7145
12801
12665
30186
2646
5772
5621
18391
7600
12633
19852
20584
19438
1133
8397
32347
5365
19502
5342
16689
32449
24792
23305
5042
17016
19801
30037
4558
29294
7523
11687
5979
12858
21228
15150
32489
7773
6366
18860
13948
9915
20358
10109
19292
20821
17480
26242
25297
30704
20764
18566
15501
6622
8043
27701
16842
3005
1237
32657
1793
11345
7436
29709
1830
32331
24835
8132
22246
6411
8461
19723
32160
23164
7264
8585
15200
827
16607
19842
12631
9925
29926
14567
10624
24022
2642
28872
5738
5937
29724
10384
28051
23839
26886
14779
22517
6844
28103
26765
7950
26704
5551
5093
25300
31406
22222
6708
13518
32354
9173
26212
16786
29251
6273
23365
21309
1458
13130
28844
9029
3290
10871
8715
10002
23603
16999
2739
5470
4606
2236
962
15156
10437
1477
1848
12427
18465
21625
27258
31339
37
13818
2779
30922
20190
12539
19830
16108
15603
8946
13190
7831
3999
27733
1288
28425
6478
4516
22989
8428
15499
32737
5222
32484
6567
827
16974
24912
3487
10891
8897
7369
861
26477
2619
5432
5406
22575
5874
9972
17858
25055
7637
17258
28542
2472
14694
13792
7993
16090
2432
23200
20827
3349
12396
13379
15710
27260
5171
22605
20721
3782
23955
1279
27823
16318
26013
31922
21579
14836
18188
3260
7398
7860
26461
1326
6430
4384
2518
14092
9499
26857
24323
1208
2657
30292
21387
4406
9543
29854
23791
15980
8640
872
6570
29718
6485
32318
7488
12973
23900
18630
27772
25304
4514
31977
28679
24576
8881
12261
10111
22146
9434
29948
23493
20759
5980
30566
28917
6840
28883
17925
20627
18217
12832
2644
13780
12402
2766
13370
3911
18171
18052
27320
5170
1238
22403
7950
13139
6632
22643
7990
20545
21174
20277
8563
9569
8290
28994
13926
26102
13454
2005
10563
13065
4000
15751
15490
25357
27701
21176
6054
24765
618
4185
20778
26931
4135
4508
4006
31332
419
6770
24854
27770
19834
13924
19565
5154
30706
32044
5655
13894
9188
20530
23248
5341
25220
9042
3005
27163
22807
18499
6592
25752
7554
27057
2133
17343
12561
1578
24416
32201
19836
6669
17071
8895
7417
16562
2151
19226
15982
28254
7138
16577
31266
26649
2281
31670
18148
31887
15033
11621
1850
14272
20050
9531
5567
2022
23294
7503
18947
32517
27180
22166
32563
6535
3901
9389
15949
23001
32132
3788
14118
8446
12929
10840
21490
7495
10596
17842
30014
28510
16531
16898
31850
9566
7541
8326
9039
7566
467
1349
29576
31717
6322
16359
20830
30712
5092
296
24968
19247
4639
6992
190
6516
8353
26825
3860
23849
20142
29518
13
12205
1405
7368
6639
27312
10
4491
919
9078
11986
29547
25087
29458
12108
10321
13326
8555
6186
22279
19406
20992
30429
865
21180
23196
19830
19721
16809
6450
15143
31441
2211
17977
3156
9132
5094
9598
9174
13416
12241
4945
15641
4068
21359
13839
22129
9139
22500
30380
19999
18268
21271
32426
627
15114
6664
3726
13914
8567
29870
22241
8657
10010
17093
29370
1566
17372
2420
10229
27317
30132
28316
5003
693
18695
21182
11563
4212
5099
435
10940
366
28981
28738
5028
12748
2982
18482
26314
16042
61
8488
31422
10817
26606
7836
6574
971
17975
25350
26180
15087
28632
8126
31034
17227
17032
7357
4988
32617
16936
14509
16516
30749
18418
23281
6965
17715
10181
13464
9203
12781
15700
14703
22409
5726
14483
25543
29285
9248
2800
22130
2802
25809
26074
22240
28009
20640
11209
8681
24945
17878
17279
7695
20536
7107
18417
30078
16333
17785
12771
6179
11036
21502
32414
22503
635
19032
18812
28250
15489
4230
1777
21756
2496
8400
12179
32170
11934
23903
5397
21036
6102
8518
19652
13706
19896
8248
15126
29812
2932
17410
31366
25628
6483
26845
20705
27250
18970
23493
24304
15009
4145
3348
7809
5831
16206
6007
247
5851
1775
6715
7338
7234
30919
9566
28575
28473
23824
6987
13367
5821
30575
24567
30142
12711
30733
13339
7190
1985
23944
10727
8359
32199
22352
11080
24405
29377
31618
22057
29407
15658
23408
25428
8178
30045
28328
26843
24007
31908
7045
15418
27263
17858
2719
15331
22595
2259
28366
4744
4118
1207
5062
22534
19457
8419
12409
16040
5679
19623
5173
18537
5407
8642
27270
29016
9822
791
15353
13311
17193
4301
14476
29626
19756
14870
20182
15216
14422
32431
9749
27451
12039
12242
7578
16660
24033
26269
8851
21693
32034
32439
26866
31268
30719
3723
25304
732
9006
27854
15146
30575
27881
16234
4047
95
24853
18769
14009
19473
17396
22968
10675
28926
548
4949
10155
14334
20266
7349
4374
25121
11847
29667
13488
22332
13551
19208
23049
16084
16195
13491
9488
5867
1379
3928
31491
27286
5782
11202
21366
5545
2902
26674
20226
6771
25087
26348
5376
22738
9953
21002
17736
5309
24250
12259
2251
10758
3917
4736
11888
14072
8120
7982
4668
17064
5402
18991
3827
27314
20740
4870
23916
3081
1812
15608
4114
22605
7053
3261
15426
16953
10298
13450
29959
20646
25855
7645
16539
5134
11107
19518
18397
8584
29557
3022
8680
19956
27729
12186
11177
29295
13555
21528
19544
22785
11935
21512
16117
16237
32117
6434
7287
28824
25453
8079
9051
22315
15339
14473
9505
1250
11601
23808
13972
12432
22678
8132
27395
16968
3989
6173
7139
18628
27983
18981
19332
10682
14163
22262
14138
18447
8070
1117
1297
12287
21421
10736
4342
12900
19810
4941
24839
20671
25418
29249
24525
13670
1868
29534
13474
12216
15428
23852
15220
6257
12041
20317
26874
31352
32018
26432
26548
41
7993
25885
19700
19588
26238
8707
20400
6486
16927
2949
19338
19317
9244
527
4066
20562
24736
26439
23697
3871
28701
1503
4710
6776
18710
7735
30432
31169
16712
31880
19188
19686
9239
21674
20543
23059
27402
17506
4335
13500
31718
29097
15704
11810
6861
23655
1944
19198
22547
32322
29002
13560
15297
9969
31572
31187
3076
22387
23920
5306
4664
15745
22100
5565
662
28900
2627
9228
2585
25911
27368
26352
18582
26302
6638
2405
9198
7024
20153
12767
2021
27318
398
10227
5507
18572
8314
5488
25493
7150
4711
19725
403
30702
9256
4353
2766
32206
8783
6281
7078
20650
28066
13357
28023
15280
24547
31119
3209
3909
30645
9540
25243
21671
10586
22530
11901
7747
6553
367
32379
21462
29000
4238
6993
2208
13029
26494
200
28500
1106
13794
25513
32594
12660
5182
16345
18889
6665
19674
24725
11543
22074
4859
22146
19543
3927
5239
29670
24368
32114
29820
27744
5925
9227
4813
5038
6657
8706
6382
12531
32604
21241
24202
10089
1281
435
2256
10808
590
1681
7583
1824
16312
22844
17364
16418
24785
26579
27662
29817
17464
16212
20800
29637
17242
7143
16287
26059
31307
16943
13124
13118
10377
13554
9567
24911
21689
10440
10576
2147
13886
28473
16403
7412
14965
26163
18859
2489
14991
640
30229
6418
29561
25244
20969
32361
22699
16327
24959
8128
6604
15746
22434
2323
31745
10104
8192
31145
1689
9050
12477
2571
30966
30310
18921
31926
13973
4614
22288
2542
13989
3204
72
31066
24782
4910
31007
6967
4140
14581
12990
13695
8450
30832
9503
17482
25214
21596
618
2462
24213
5112
9379
17059
32505
28524
20007
23196
21861
9842
11007
13161
13379
12120
16318
17056
15531
13063
1440
16629
11383
14668
783
1408
6809
12649
603
31080
14161
20123
15640
7840
26155
1512
4198
20094
20121
26642
13409
8699
29045
13555
10316
339
30526
29830
13324
5482
26380
9462
31477
2736
1642
13795
4808
12089
19155
7823
2686
19541
2622
8804
27644
12796
9652
22103
9261
22915
10590
5145
31883
6061
14411
19918
20967
17554
23782
31259
7839
5891
9747
26594
16912
9484
23704
24304
10311
3431
29330
9297
7300
15790
17671
6661
28588
20948
11452
29380
20110
12790
22284
22644
30854
5631
5501
15490
30608
11530
11129
19859
29240
12442
7106
5821
25282
11144
13348
8219
11586
25425
14790
16662
12578
29986
11846
30277
31496
20463
2388
6171
542
26335
15717
19465
23431
15680
11474
25901
12619
4071
2268
8436
21215
1388
30715
6786
6985
30952
6362
31904
10111
17218
12695
11199
23824
28246
14319
24584
14555
2478
31850
26045
18684
31185
28892
8179
15715
6430
1913
17913
22534
4903
28840
9956
20675
745
6380
19200
25553
30946
27032
7006
12617
9543
30994
27334
2460
3512
14228
14656
3635
3224
19843
15111
4310
6815
31754
24548
30444
3121
23872
10744
24246
18656
12459
16188
18704
28302
20927
1576
29122
21631
29756
10725
29231
32466
4159
5388
1176
30227
4346
4653
16389
14794
28773
17046
15134
32651
19529
7278
8172
24759
11550
7239
10082
15085
9550
24539
27994
10248
32315
7904
21316
8729
32100
22469
16619
6464
15976
2784
31906
23374
3166
5024
12988
30225
10430
31159
17049
5885
17246
31290
3989
22538
5297
31306
26355
11259
5069
19493
31546
5985
13460
14679
15670
5789
10490
18227
7950
3844
1812
10247
30678
21107
6394
10357
32537
7770
13001
4908
1890
32493
28720
9696
29777
13443
8729
28795
27378
30762
3098
17688
15700
6533
3117
12807
22776
21458
1623
14193
8151
31569
30070
27092
24822
18676
28606
12588
15531
25163
31385
4079
4453
14895
5991
19909
5471
7912
27302
12754
27307
5879
30775
16752
2774
2328
29265
28446
994
28588
24160
32256
30459
12456
7314
28535
13551
5490
1007
14010
2349
6314
25851
22915
3361
13279
7434
7615
7247
15632
29000
15536
19001
14252
26248
8734
10873
18982
9889
17118
14707
31240
10154
2464
1996
4280
13341
20929
20702
23351
10676
16885
31457
16143
10433
797
24432
28205
27394
20878
12066
7950
24523
1488
28996
13257
28034
23542
16526
12
27211
14665
25905
19780
2560
15175
11275
11167
1975
7462
28255
16155
28640
11107
8041
14530
10597
9666
13227
30430
20490
25368
16736
16737
13335
31847
2055
9632
23944
21269
1334
6598
19378
8072
25997
7628
4263
12285
13087
4965
14894
9606
12857
19965
12335
20547
8450
9392
32453
10623
28349
17489
14887
13984
22503
22561
26961
8455
17091
21318
3053
1790
18188
24637
30652
6668
21607
4740
22201
1968
24975
22726
9466
32355
4676
19190
22622
10380
12874
24582
4252
2869
15390
12741
3236
15060
30512
1287
25098
22285
26854
12173
11884
14383
32455
24391
17155
6624
25778
27328
16618
8047
14811
16508
7380
23437
11247
11145
25582
26085
1231
14148
5229
22501
5132
12596
28887
29094
26126
17253
23472
589
9953
30863
19342
6331
30436
6588
10709
23466
26436
20322
12555
29703
13056
15513
17263
11841
2753
10598
17702
15748
7329
2429
17190
29740
11088
16633
16374
642
18687
4362
13311
10558
28323
12901
13272
24755
29452
13309
6837
4956
768
32126
3016
25632
7783
17471
28636
11698
451
20107
13093
22446
7580
7600
10986
28715
6762
19512
32407
3780
7931
31362
11778
17052
20705
14323
22046
28020
16050
5822
24767
7538
19283
30690
22545
31601
25921
1750
51
5531
14493
14441
11083
31794
10259
13632
3069
14872
27430
6839
10321
25887
22566
14
24374
24675
13194
3705
20782
11438
3385
6825
14016
8030
9417
30645
8007
1590
23037
4083
6562
27318
8664
31139
19535
9434
27015
18814
22696
29983
8074
23034
610
30823
8170
30620
6357
9227
15135
22809
26788
7669
349
20418
5233
21822
12759
15860
6096
7498
26769
6934
25634
6182
6681
292
20802
12010
5881
22685
888
14025
28741
3371
21869
8977
11286
23275
27274
28081
22196
1419
25854
16045
3601
3826
23428
21353
22648
23278
9640
23075
20743
27600
20775
2374
15949
18704
29948
23356
12170
4467
21839
8868
26643
28728
18732
13313
6108
28259
22400
31894
26926
16875
13722
19832
8611
19031
13794
19076
7023
31766
22125
28197
1220
27931
22020
3702
13857
27174
12811
14571
8006
28913
10953
795
27507
17217
2351
13914
11791
25033
14842
9149
9612
20148
28956
4163
6139
31949
27542
3163
17935
3846
3856
20787
4378
18200
28015
7578
28991
15232
19533
2169
25152
21335
14963
32529
356
24301
14406
7269
3714
24090
16553
21694
31091
28123
6064
16905
19059
26536
1821
28520
25927
3692
3449
31321
21862
1924
10709
1697
30812
29813
11806
31467
30161
25443
4140
7606
13130
24437
1983
24211
3452
17965
29354
18887
31129
32659
5085
28323
31790
10640
30526
2247
18905
24688
18044
5444
3799
16186
13232
8855
14345
7455
24635
25579
20660
11361
4250
25710
13356
15357
5949
31641
14429
18929
17267
21451
2299
15455
13006
20449
27481
31079
30684
9003
11711
3781
14658
20391
8042
12179
16782
22160
32214
12695
9097
6876
26706
12431
12220
18374
11375
25743
29788
7095
7939
14097
12770
26830
24321
8955
32264
19675
8263
15597
5570
13148
585
2255
28663
7008
25567
890
14521
2934
6958
5083
11039
24440
19314
12826
17797
27248
32734
28148
16566
18758
19558
20722
32658
25648
12725
20338
7500
4525
14076
30103
21976
10281
29931
30226
389
20573
10887
31287
3386
29737
18346
2152
31821
18084
8507
15984
14113
22502
10090
16496
19290
1904
31356
26057
1259
25654
22874
22653
24205
21266
24975
9131
20822
30891
24118
14156
5084
12118
21864
25208
18866
19285
18683
20786
29239
26507
1446
16329
3517
3415
21473
30063
20247
29995
16225
12913
4695
20164
4353
6124
13084
23503
25881
2846
25730
9812
32418
11678
16911
27791
4135
3172
30297
11180
23384
8564
11693
6731
19771
9246
18649
14214
2708
9142
21976
15842
24929
19442
26427
849
4097
19122
17601
956
3094
26139
14130
16839
1298
7233
19907
21336
6902
1799
9391
7012
12147
22102
13419
16297
21802
19943
10022
21643
3237
19209
2209
1700
583
15220
24739
22113
31735
21500
18633
22627
5299
29071
23008
26731
5967
2593
29121
2682
10810
4909
599
3202
7936
15991
20124
11507
9817
6270
22184
22369
26958
22709
31496
11657
32557
15811
8408
26927
18729
8708
12695
9637
20226
26253
20754
4805
14898
21758
20409
13926
15456
19037
5584
23805
14981
22103
22806
3885
26589
23766
6661
18769
6678
29376
17560
9624
8221
16664
27018
6975
6536
2786
13135
531
5621
3368
17522
983
13946
16477
11883
30716
25942
11851
8593
17727
29294
9699
12195
15055
13345
22800
27246
8783
23704
11342
16069
18195
9414
28545
19363
5806
22587
31446
19106
8849
23683
25050
20465
27602
25518
14281
18979
22953
22909
1292
27467
30143
6271
24820
1845
26225
358
27098
14462
8967
4371
14240
31218
20882
5636
16991
13727
1726
26884
23026
19164
25459
20101
11075
20947
12917
20373
6532
6985
453
29063
19538
13381
25679
28628
28172
3913
17910
2722
154
23142
8421
28055
28204
29995
8942
17844
25402
29128
31002
24222
3246
27200
31171
28733
22246
10203
18585
1571
16439
21541
19524
5422
18518
14716
14916
9507
14593
15945
25885
7314
17555
25922
19512
21792
408
3296
30417
29395
1212
4564
24068
4651
24573
804
13373
23134
11001
22245
6943
13307
7467
16636
16440
16171
24133
15776
5829
17941
10783
29090
26844
21608
20931
3056
3068
24099
30358
9672
15798
16614
4189
20246
827
3174
30776
11870
7974
25994
13312
18940
26649
943
18007
28914
6620
29444
20233
272
14384
13527
13284
18340
15
27716
6219
25395
30710
20061
10113
10086
7760
9106
15370
30545
789
24475
28204
30796
8616
2558
27516
24434
19548
18005
13711
16784
26318
31151
5469
27549
20262
12707
6507
22496
27398
11136
22658
11639
1598
31820
3790
32648
11556
19431
30739
21344
5117
25521
32321
27272
23918
8566
11966
9193
28624
1807
32236
6651
13789
2585
16924
25569
3554
9720
16764
6324
27461
20652
23976
16130
19535
31293
9846
9841
11749
1429
9808
10546
32103
25058
29073
30491
4682
26964
18137
20687
9897
31370
7890
31088
2422
5727
20316
22463
12915
29178
13541
24510
28754
30087
6344
27703
26363
26773
19129
7360
28972
14675
847
4053
29210
25280
1777
21651
31261
1178
24738
24723
29484
22485
8447
2750
19805
20759
6059
29717
13528
29185
20082
1656
19026
18523
3897
18762
31769
25092
25093
18849
30819
1970
28809
11560
19954
8454
11496
27573
25698
3085
8247
28462
2745
14907
25485
1031
25102
9977
2114
5157
23835
4529
3637
7744
14412
14155
103
9495
5270
1105
19340
29467
20292
26325
15021
21279
21770
13569
1176
18380
18759
11034
4548
17162
27955
15583
29883
1412
21973
15872
4199
19248
7672
29612
18219
3179
21332
8954
18330
4105
8557
6820
8596
30936
5664
18911
21526
25226
24845
12657
13399
28628
8904
8891
5617
1077
729
28765
28807
6411
5177
1244
21620
25113
13523
15203
19834
2924
13017
30425
